Time = 0.0025
0,0,0,0,0,0,0,0,0,0,0,
0,1.81787,3.4578,4.75925,5.59483,5.88276,5.59483,4.75925,3.4578,1.81787,0,
0,3.4578,6.57712,9.05263,10.642,11.1897,10.642,9.05263,6.57712,3.4578,0,
0,4.75925,9.05263,12.4599,14.6475,15.4013,14.6475,12.4599,9.05263,4.75925,0,
0,5.59483,10.642,14.6475,17.2191,18.1053,17.2191,14.6475,10.642,5.59483,0,
0,5.88276,11.1897,15.4013,18.1053,19.037,18.1053,15.4013,11.1897,5.88276,0,
0,5.59483,10.642,14.6475,17.2191,18.1053,17.2191,14.6475,10.642,5.59483,0,
0,4.75925,9.05263,12.4599,14.6475,15.4013,14.6475,12.4599,9.05263,4.75925,0,
0,3.4578,6.57712,9.05263,10.642,11.1897,10.642,9.05263,6.57712,3.4578,0,
0,1.81787,3.4578,4.75925,5.59483,5.88276,5.59483,4.75925,3.4578,1.81787,0,
0,0,0,0,0,0,0,0,0,0,0
Time = 0.025
0,0,0,0,0,0,0,0,0,0,0,
0,1.16595,2.21776,3.05249,3.58842,3.77309,3.58842,3.05249,2.21776,1.16595,0,
0,2.21776,4.21844,5.80618,6.82558,7.17683,6.82558,5.80618,4.21844,2.21776,0,
0,3.05249,5.80618,7.99152,9.3946,9.87807,9.3946,7.99152,5.80618,3.05249,0,
0,3.58842,6.82558,9.3946,11.044,11.6124,11.044,9.3946,6.82558,3.58842,0,
0,3.77309,7.17683,9.87807,11.6124,12.21,11.6124,9.87807,7.17683,3.77309,0,
0,3.58842,6.82558,9.3946,11.044,11.6124,11.044,9.3946,6.82558,3.58842,0,
0,3.05249,5.80618,7.99152,9.3946,9.87807,9.3946,7.99152,5.80618,3.05249,0,
0,2.21776,4.21844,5.80618,6.82558,7.17683,6.82558,5.80618,4.21844,2.21776,0,
0,1.16595,2.21776,3.05249,3.58842,3.77309,3.58842,3.05249,2.21776,1.16595,0,
0,0,0,0,0,0,0,0,0,0,0
Time = 0.05
0,0,0,0,0,0,0,0,0,0,0,
0,0.711809,1.35394,1.86354,2.19072,2.30346,2.19072,1.86354,1.35394,0.711809,0,
0,1.35394,2.57535,3.54466,4.167,4.38144,4.167,3.54466,2.57535,1.35394,0,
0,1.86354,3.54466,4.87881,5.73538,6.03054,5.73538,4.87881,3.54466,1.86354,0,
0,2.19072,4.167,5.73538,6.74235,7.08932,6.74235,5.73538,4.167,2.19072,0,
0,2.30346,4.38144,6.03054,7.08932,7.45416,7.08932,6.03054,4.38144,2.30346,0,
0,2.19072,4.167,5.73538,6.74235,7.08932,6.74235,5.73538,4.167,2.19072,0,
0,1.86354,3.54466,4.87881,5.73538,6.03054,5.73538,4.87881,3.54466,1.86354,0,
0,1.35394,2.57535,3.54466,4.167,4.38144,4.167,3.54466,2.57535,1.35394,0,
0,0.711809,1.35394,1.86354,2.19072,2.30346,2.19072,1.86354,1.35394,0.711809,0,
0,0,0,0,0,0,0,0,0,0,0
Time = 0.075
0,0,0,0,0,0,0,0,0,0,0,
0,0.434558,0.826578,1.13769,1.33743,1.40626,1.33743,1.13769,0.826578,0.434558,0,
0,0.826578,1.57224,2.16401,2.54395,2.67486,2.54395,2.16401,1.57224,0.826578,0,
0,1.13769,2.16401,2.9785,3.50144,3.68163,3.50144,2.9785,2.16401,1.13769,0,
0,1.33743,2.54395,3.50144,4.11619,4.32802,4.11619,3.50144,2.54395,1.33743,0,
0,1.40626,2.67486,3.68163,4.32802,4.55075,4.32802,3.68163,2.67486,1.40626,0,
0,1.33743,2.54395,3.50144,4.11619,4.32802,4.11619,3.50144,2.54395,1.33743,0,
0,1.13769,2.16401,2.9785,3.50144,3.68163,3.50144,2.9785,2.16401,1.13769,0,
0,0.826578,1.57224,2.16401,2.54395,2.67486,2.54395,2.16401,1.57224,0.826578,0,
0,0.434558,0.826578,1.13769,1.33743,1.40626,1.33743,1.13769,0.826578,0.434558,0,
0,0,0,0,0,0,0,0,0,0,0
Time = 0.1
0,0,0,0,0,0,0,0,0,0,0,
0,0.265297,0.504624,0.694556,0.816499,0.858518,0.816499,0.694556,0.504624,0.265297,0,
0,0.504624,0.959852,1.32112,1.55307,1.633,1.55307,1.32112,0.959852,0.504624,0,
0,0.694556,1.32112,1.81837,2.13762,2.24763,2.13762,1.81837,1.32112,0.694556,0,
0,0.816499,1.55307,2.13762,2.51293,2.64225,2.51293,2.13762,1.55307,0.816499,0,
0,0.858518,1.633,2.24763,2.64225,2.77822,2.64225,2.24763,1.633,0.858518,0,
0,0.816499,1.55307,2.13762,2.51293,2.64225,2.51293,2.13762,1.55307,0.816499,0,
0,0.694556,1.32112,1.81837,2.13762,2.24763,2.13762,1.81837,1.32112,0.694556,0,
0,0.504624,0.959852,1.32112,1.55307,1.633,1.55307,1.32112,0.959852,0.504624,0,
0,0.265297,0.504624,0.694556,0.816499,0.858518,0.816499,0.694556,0.504624,0.265297,0,
0,0,0,0,0,0,0,0,0,0,0
Time = 0.125
0,0,0,0,0,0,0,0,0,0,0,
0,0.161963,0.308072,0.424025,0.498471,0.524124,0.498471,0.424025,0.308072,0.161963,0,
0,0.308072,0.585988,0.806543,0.948148,0.996942,0.948148,0.806543,0.585988,0.308072,0,
0,0.424025,0.806543,1.11011,1.30501,1.37217,1.30501,1.11011,0.806543,0.424025,0,
0,0.498471,0.948148,1.30501,1.53414,1.61309,1.53414,1.30501,0.948148,0.498471,0,
0,0.524124,0.996942,1.37217,1.61309,1.6961,1.61309,1.37217,0.996942,0.524124,0,
0,0.498471,0.948148,1.30501,1.53414,1.61309,1.53414,1.30501,0.948148,0.498471,0,
0,0.424025,0.806543,1.11011,1.30501,1.37217,1.30501,1.11011,0.806543,0.424025,0,
0,0.308072,0.585988,0.806543,0.948148,0.996942,0.948148,0.806543,0.585988,0.308072,0,
0,0.161963,0.308072,0.424025,0.498471,0.524124,0.498471,0.424025,0.308072,0.161963,0,
0,0,0,0,0,0,0,0,0,0,0
Time = 0.15
0,0,0,0,0,0,0,0,0,0,0,
0,0.0988781,0.188077,0.258866,0.304316,0.319976,0.304316,0.258866,0.188077,0.0988781,0,
0,0.188077,0.357744,0.492393,0.578843,0.608631,0.578843,0.492393,0.357744,0.188077,0,
0,0.258866,0.492393,0.677721,0.796709,0.837709,0.796709,0.677721,0.492393,0.258866,0,
0,0.304316,0.578843,0.796709,0.936587,0.984786,0.936587,0.796709,0.578843,0.304316,0,
0,0.319976,0.608631,0.837709,0.984786,1.03547,0.984786,0.837709,0.608631,0.319976,0,
0,0.304316,0.578843,0.796709,0.936587,0.984786,0.936587,0.796709,0.578843,0.304316,0,
0,0.258866,0.492393,0.677721,0.796709,0.837709,0.796709,0.677721,0.492393,0.258866,0,
0,0.188077,0.357744,0.492393,0.578843,0.608631,0.578843,0.492393,0.357744,0.188077,0,
0,0.0988781,0.188077,0.258866,0.304316,0.319976,0.304316,0.258866,0.188077,0.0988781,0,
0,0,0,0,0,0,0,0,0,0,0
Time = 0.175
0,0,0,0,0,0,0,0,0,0,0,
0,0.0603649,0.114821,0.158037,0.185784,0.195345,0.185784,0.158037,0.114821,0.0603649,0,
0,0.114821,0.218402,0.300605,0.353382,0.371568,0.353382,0.300605,0.218402,0.114821,0,
0,0.158037,0.300605,0.413747,0.486389,0.51142,0.486389,0.413747,0.300605,0.158037,0,
0,0.185784,0.353382,0.486389,0.571785,0.60121,0.571785,0.486389,0.353382,0.185784,0,
0,0.195345,0.371568,0.51142,0.60121,0.63215,0.60121,0.51142,0.371568,0.195345,0,
0,0.185784,0.353382,0.486389,0.571785,0.60121,0.571785,0.486389,0.353382,0.185784,0,
0,0.158037,0.300605,0.413747,0.486389,0.51142,0.486389,0.413747,0.300605,0.158037,0,
0,0.114821,0.218402,0.300605,0.353382,0.371568,0.353382,0.300605,0.218402,0.114821,0,
0,0.0603649,0.114821,0.158037,0.185784,0.195345,0.185784,0.158037,0.114821,0.0603649,0,
0,0,0,0,0,0,0,0,0,0,0
Time = 0.2
0,0,0,0,0,0,0,0,0,0,0,
0,0.0368527,0.0700979,0.0964815,0.113421,0.119258,0.113421,0.0964815,0.0700979,0.0368527,0,
0,0.0700979,0.133334,0.183519,0.215739,0.226842,0.215739,0.183519,0.133334,0.0700979,0,
0,0.0964815,0.183519,0.252592,0.29694,0.312221,0.29694,0.252592,0.183519,0.0964815,0,
0,0.113421,0.215739,0.29694,0.349073,0.367037,0.349073,0.29694,0.215739,0.113421,0,
0,0.119258,0.226842,0.312221,0.367037,0.385926,0.367037,0.312221,0.226842,0.119258,0,
0,0.113421,0.215739,0.29694,0.349073,0.367037,0.349073,0.29694,0.215739,0.113421,0,
0,0.0964815,0.183519,0.252592,0.29694,0.312221,0.29694,0.252592,0.183519,0.0964815,0,
0,0.0700979,0.133334,0.183519,0.215739,0.226842,0.215739,0.183519,0.133334,0.0700979,0,
0,0.0368527,0.0700979,0.0964815,0.113421,0.119258,0.113421,0.0964815,0.0700979,0.0368527,0,
0,0,0,0,0,0,0,0,0,0,0
Time = 0.225
0,0,0,0,0,0,0,0,0,0,0,
0,0.0224985,0.0427946,0.0589018,0.0692432,0.0728066,0.0692432,0.0589018,0.0427946,0.0224985,0,
0,0.0427946,0.0814002,0.112038,0.131708,0.138486,0.131708,0.112038,0.0814002,0.0427946,0,
0,0.0589018,0.112038,0.154207,0.181281,0.19061,0.181281,0.154207,0.112038,0.0589018,0,
0,0.0692432,0.131708,0.181281,0.213109,0.224076,0.213109,0.181281,0.131708,0.0692432,0,
0,0.0728066,0.138486,0.19061,0.224076,0.235607,0.224076,0.19061,0.138486,0.0728066,0,
0,0.0692432,0.131708,0.181281,0.213109,0.224076,0.213109,0.181281,0.131708,0.0692432,0,
0,0.0589018,0.112038,0.154207,0.181281,0.19061,0.181281,0.154207,0.112038,0.0589018,0,
0,0.0427946,0.0814002,0.112038,0.131708,0.138486,0.131708,0.112038,0.0814002,0.0427946,0,
0,0.0224985,0.0427946,0.0589018,0.0692432,0.0728066,0.0692432,0.0589018,0.0427946,0.0224985,0,
0,0,0,0,0,0,0,0,0,0,0
