Time = 0.0025
0,0,0,0,0,0,0,0,0,0,0,
0,0.0908178,0.172746,0.237764,0.279508,0.293893,0.279508,0.237764,0.172746,0.0908178,0,
0,0.172746,0.328582,0.452254,0.531657,0.559017,0.531657,0.452254,0.328582,0.172746,0,
0,0.237764,0.452254,0.622475,0.731763,0.769421,0.731763,0.622475,0.452254,0.237764,0,
0,0.279508,0.531657,0.731763,0.860239,0.904508,0.860239,0.731763,0.531657,0.279508,0,
0,0.293893,0.559017,0.769421,0.904508,0.951057,0.904508,0.769421,0.559017,0.293893,0,
0,0.279508,0.531657,0.731763,0.860239,0.904508,0.860239,0.731763,0.531657,0.279508,0,
0,0.237764,0.452254,0.622475,0.731763,0.769421,0.731763,0.622475,0.452254,0.237764,0,
0,0.172746,0.328582,0.452254,0.531657,0.559017,0.531657,0.452254,0.328582,0.172746,0,
0,0.0908178,0.172746,0.237764,0.279508,0.293893,0.279508,0.237764,0.172746,0.0908178,0,
0,0,0,0,0,0,0,0,0,0,0
Time = 0.25
0,0,0,0,0,0,0,0,0,0,0,
0,0.000631826,0.0012018,0.00165414,0.00194456,0.00204463,0.00194456,0.00165414,0.0012018,0.000631826,0,
0,0.0012018,0.00228597,0.00314636,0.00369877,0.00388912,0.00369877,0.00314636,0.00228597,0.0012018,0,
0,0.00165414,0.00314636,0.0043306,0.00509092,0.00535291,0.00509092,0.0043306,0.00314636,0.00165414,0,
0,0.00194456,0.00369877,0.00509092,0.00598474,0.00629273,0.00598474,0.00509092,0.00369877,0.00194456,0,
0,0.00204463,0.00388912,0.00535291,0.00629273,0.00661656,0.00629273,0.00535291,0.00388912,0.00204463,0,
0,0.00194456,0.00369877,0.00509092,0.00598474,0.00629273,0.00598474,0.00509092,0.00369877,0.00194456,0,
0,0.00165414,0.00314636,0.0043306,0.00509092,0.00535291,0.00509092,0.0043306,0.00314636,0.00165414,0,
0,0.0012018,0.00228597,0.00314636,0.00369877,0.00388912,0.00369877,0.00314636,0.00228597,0.0012018,0,
0,0.000631826,0.0012018,0.00165414,0.00194456,0.00204463,0.00194456,0.00165414,0.0012018,0.000631826,0,
0,0,0,0,0,0,0,0,0,0,0
Time = 0.5
0,0,0,0,0,0,0,0,0,0,0,
0,4.18052e-06,7.95181e-06,1.09447e-05,1.28663e-05,1.35284e-05,1.28663e-05,1.09447e-05,7.95181e-06,4.18052e-06,0,
0,7.95181e-06,1.51252e-05,2.08181e-05,2.44732e-05,2.57326e-05,2.44732e-05,2.08181e-05,1.51252e-05,7.95181e-06,0,
0,1.09447e-05,2.08181e-05,2.86537e-05,3.36844e-05,3.54179e-05,3.36844e-05,2.86537e-05,2.08181e-05,1.09447e-05,0,
0,1.28663e-05,2.44732e-05,3.36844e-05,3.95984e-05,4.16362e-05,3.95984e-05,3.36844e-05,2.44732e-05,1.28663e-05,0,
0,1.35284e-05,2.57326e-05,3.54179e-05,4.16362e-05,4.37789e-05,4.16362e-05,3.54179e-05,2.57326e-05,1.35284e-05,0,
0,1.28663e-05,2.44732e-05,3.36844e-05,3.95984e-05,4.16362e-05,3.95984e-05,3.36844e-05,2.44732e-05,1.28663e-05,0,
0,1.09447e-05,2.08181e-05,2.86537e-05,3.36844e-05,3.54179e-05,3.36844e-05,2.86537e-05,2.08181e-05,1.09447e-05,0,
0,7.95181e-06,1.51252e-05,2.08181e-05,2.44732e-05,2.57326e-05,2.44732e-05,2.08181e-05,1.51252e-05,7.95181e-06,0,
0,4.18052e-06,7.95181e-06,1.09447e-05,1.28663e-05,1.35284e-05,1.28663e-05,1.09447e-05,7.95181e-06,4.18052e-06,0,
0,0,0,0,0,0,0,0,0,0,0
Time = 0.75
0,0,0,0,0,0,0,0,0,0,0,
0,2.76607e-08,5.26137e-08,7.24165e-08,8.51307e-08,8.95117e-08,8.51307e-08,7.24165e-08,5.26137e-08,2.76607e-08,0,
0,5.26137e-08,1.00077e-07,1.37744e-07,1.61928e-07,1.70261e-07,1.61928e-07,1.37744e-07,1.00077e-07,5.26137e-08,0,
0,7.24165e-08,1.37744e-07,1.89589e-07,2.22875e-07,2.34345e-07,2.22875e-07,1.89589e-07,1.37744e-07,7.24165e-08,0,
0,8.51307e-08,1.61928e-07,2.22875e-07,2.62005e-07,2.75489e-07,2.62005e-07,2.22875e-07,1.61928e-07,8.51307e-08,0,
0,8.95117e-08,1.70261e-07,2.34345e-07,2.75489e-07,2.89666e-07,2.75489e-07,2.34345e-07,1.70261e-07,8.95117e-08,0,
0,8.51307e-08,1.61928e-07,2.22875e-07,2.62005e-07,2.75489e-07,2.62005e-07,2.22875e-07,1.61928e-07,8.51307e-08,0,
0,7.24165e-08,1.37744e-07,1.89589e-07,2.22875e-07,2.34345e-07,2.22875e-07,1.89589e-07,1.37744e-07,7.24165e-08,0,
0,5.26137e-08,1.00077e-07,1.37744e-07,1.61928e-07,1.70261e-07,1.61928e-07,1.37744e-07,1.00077e-07,5.26137e-08,0,
0,2.76607e-08,5.26137e-08,7.24165e-08,8.51307e-08,8.95117e-08,8.51307e-08,7.24165e-08,5.26137e-08,2.76607e-08,0,
0,0,0,0,0,0,0,0,0,0,0
Time = 1
0,0,0,0,0,0,0,0,0,0,0,
0,1.83018e-10,3.48122e-10,4.79149e-10,5.63273e-10,5.9226e-10,5.63273e-10,4.79149e-10,3.48122e-10,1.83018e-10,0,
0,3.48122e-10,6.62167e-10,9.11395e-10,1.07141e-09,1.12655e-09,1.07141e-09,9.11395e-10,6.62167e-10,3.48122e-10,0,
0,4.79149e-10,9.11395e-10,1.25443e-09,1.47467e-09,1.55056e-09,1.47467e-09,1.25443e-09,9.11395e-10,4.79149e-10,0,
0,5.63273e-10,1.07141e-09,1.47467e-09,1.73358e-09,1.82279e-09,1.73358e-09,1.47467e-09,1.07141e-09,5.63273e-10,0,
0,5.9226e-10,1.12655e-09,1.55056e-09,1.82279e-09,1.91659e-09,1.82279e-09,1.55056e-09,1.12655e-09,5.9226e-10,0,
0,5.63273e-10,1.07141e-09,1.47467e-09,1.73358e-09,1.82279e-09,1.73358e-09,1.47467e-09,1.07141e-09,5.63273e-10,0,
0,4.79149e-10,9.11395e-10,1.25443e-09,1.47467e-09,1.55056e-09,1.47467e-09,1.25443e-09,9.11395e-10,4.79149e-10,0,
0,3.48122e-10,6.62167e-10,9.11395e-10,1.07141e-09,1.12655e-09,1.07141e-09,9.11395e-10,6.62167e-10,3.48122e-10,0,
0,1.83018e-10,3.48122e-10,4.79149e-10,5.63273e-10,5.9226e-10,5.63273e-10,4.79149e-10,3.48122e-10,1.83018e-10,0,
0,0,0,0,0,0,0,0,0,0,0
Time = 1.25
0,0,0,0,0,0,0,0,0,0,0,
0,1.21095e-12,2.30337e-12,3.17032e-12,3.72693e-12,3.91873e-12,3.72693e-12,3.17032e-12,2.30337e-12,1.21095e-12,0,
0,2.30337e-12,4.38127e-12,6.0303e-12,7.08905e-12,7.45386e-12,7.08905e-12,6.0303e-12,4.38127e-12,2.30337e-12,0,
0,3.17032e-12,6.0303e-12,8.3e-12,9.75723e-12,1.02594e-11,9.75723e-12,8.3e-12,6.0303e-12,3.17032e-12,0,
0,3.72693e-12,7.08905e-12,9.75723e-12,1.14703e-11,1.20606e-11,1.14703e-11,9.75723e-12,7.08905e-12,3.72693e-12,0,
0,3.91873e-12,7.45386e-12,1.02594e-11,1.20606e-11,1.26813e-11,1.20606e-11,1.02594e-11,7.45386e-12,3.91873e-12,0,
0,3.72693e-12,7.08905e-12,9.75723e-12,1.14703e-11,1.20606e-11,1.14703e-11,9.75723e-12,7.08905e-12,3.72693e-12,0,
0,3.17032e-12,6.0303e-12,8.3e-12,9.75723e-12,1.02594e-11,9.75723e-12,8.3e-12,6.0303e-12,3.17032e-12,0,
0,2.30337e-12,4.38127e-12,6.0303e-12,7.08905e-12,7.45386e-12,7.08905e-12,6.0303e-12,4.38127e-12,2.30337e-12,0,
0,1.21095e-12,2.30337e-12,3.17032e-12,3.72693e-12,3.91873e-12,3.72693e-12,3.17032e-12,2.30337e-12,1.21095e-12,0,
0,0,0,0,0,0,0,0,0,0,0
Time = 1.5
0,0,0,0,0,0,0,0,0,0,0,
0,8.01235e-15,1.52404e-14,2.09766e-14,2.46595e-14,2.59285e-14,2.46595e-14,2.09766e-14,1.52404e-14,8.01235e-15,0,
0,1.52404e-14,2.8989e-14,3.98999e-14,4.69051e-14,4.9319e-14,4.69051e-14,3.98999e-14,2.8989e-14,1.52404e-14,0,
0,2.09766e-14,3.98999e-14,5.49175e-14,6.45594e-14,6.78817e-14,6.45594e-14,5.49175e-14,3.98999e-14,2.09766e-14,0,
0,2.46595e-14,4.69051e-14,6.45594e-14,7.58941e-14,7.97998e-14,7.58941e-14,6.45594e-14,4.69051e-14,2.46595e-14,0,
0,2.59285e-14,4.9319e-14,6.78817e-14,7.97998e-14,8.39064e-14,7.97998e-14,6.78817e-14,4.9319e-14,2.59285e-14,0,
0,2.46595e-14,4.69051e-14,6.45594e-14,7.58941e-14,7.97998e-14,7.58941e-14,6.45594e-14,4.69051e-14,2.46595e-14,0,
0,2.09766e-14,3.98999e-14,5.49175e-14,6.45594e-14,6.78817e-14,6.45594e-14,5.49175e-14,3.98999e-14,2.09766e-14,0,
0,1.52404e-14,2.8989e-14,3.98999e-14,4.69051e-14,4.9319e-14,4.69051e-14,3.98999e-14,2.8989e-14,1.52404e-14,0,
0,8.01235e-15,1.52404e-14,2.09766e-14,2.46595e-14,2.59285e-14,2.46595e-14,2.09766e-14,1.52404e-14,8.01235e-15,0,
0,0,0,0,0,0,0,0,0,0,0
Time = 1.75
0,0,0,0,0,0,0,0,0,0,0,
0,5.30142e-17,1.00839e-16,1.38793e-16,1.63161e-16,1.71558e-16,1.63161e-16,1.38793e-16,1.00839e-16,5.30142e-17,0,
0,1.00839e-16,1.91807e-16,2.64e-16,3.10351e-16,3.26322e-16,3.10351e-16,2.64e-16,1.91807e-16,1.00839e-16,0,
0,1.38793e-16,2.64e-16,3.63365e-16,4.27161e-16,4.49144e-16,4.27161e-16,3.63365e-16,2.64e-16,1.38793e-16,0,
0,1.63161e-16,3.10351e-16,4.27161e-16,5.02158e-16,5.28e-16,5.02158e-16,4.27161e-16,3.10351e-16,1.63161e-16,0,
0,1.71558e-16,3.26322e-16,4.49144e-16,5.28e-16,5.55172e-16,5.28e-16,4.49144e-16,3.26322e-16,1.71558e-16,0,
0,1.63161e-16,3.10351e-16,4.27161e-16,5.02158e-16,5.28e-16,5.02158e-16,4.27161e-16,3.10351e-16,1.63161e-16,0,
0,1.38793e-16,2.64e-16,3.63365e-16,4.27161e-16,4.49144e-16,4.27161e-16,3.63365e-16,2.64e-16,1.38793e-16,0,
0,1.00839e-16,1.91807e-16,2.64e-16,3.10351e-16,3.26322e-16,3.10351e-16,2.64e-16,1.91807e-16,1.00839e-16,0,
0,5.30142e-17,1.00839e-16,1.38793e-16,1.63161e-16,1.71558e-16,1.63161e-16,1.38793e-16,1.00839e-16,5.30142e-17,0,
0,0,0,0,0,0,0,0,0,0,0
Time = 2
0,0,0,0,0,0,0,0,0,0,0,
0,3.50772e-19,6.67208e-19,9.18334e-19,1.07957e-18,1.13512e-18,1.07957e-18,9.18334e-19,6.67208e-19,3.50772e-19,0,
0,6.67208e-19,1.26911e-18,1.74677e-18,2.05346e-18,2.15913e-18,2.05346e-18,1.74677e-18,1.26911e-18,6.67208e-19,0,
0,9.18334e-19,1.74677e-18,2.40423e-18,2.82634e-18,2.97179e-18,2.82634e-18,2.40423e-18,1.74677e-18,9.18334e-19,0,
0,1.07957e-18,2.05346e-18,2.82634e-18,3.32256e-18,3.49355e-18,3.32256e-18,2.82634e-18,2.05346e-18,1.07957e-18,0,
0,1.13512e-18,2.15913e-18,2.97179e-18,3.49355e-18,3.67333e-18,3.49355e-18,2.97179e-18,2.15913e-18,1.13512e-18,0,
0,1.07957e-18,2.05346e-18,2.82634e-18,3.32256e-18,3.49355e-18,3.32256e-18,2.82634e-18,2.05346e-18,1.07957e-18,0,
0,9.18334e-19,1.74677e-18,2.40423e-18,2.82634e-18,2.97179e-18,2.82634e-18,2.40423e-18,1.74677e-18,9.18334e-19,0,
0,6.67208e-19,1.26911e-18,1.74677e-18,2.05346e-18,2.15913e-18,2.05346e-18,1.74677e-18,1.26911e-18,6.67208e-19,0,
0,3.50772e-19,6.67208e-19,9.18334e-19,1.07957e-18,1.13512e-18,1.07957e-18,9.18334e-19,6.67208e-19,3.50772e-19,0,
0,0,0,0,0,0,0,0,0,0,0
Time = 2.25
0,0,0,0,0,0,0,0,0,0,0,
0,2.32091e-21,4.41463e-21,6.07621e-21,7.14302e-21,7.51061e-21,7.14302e-21,6.07621e-21,4.41463e-21,2.32091e-21,0,
0,4.41463e-21,8.39712e-21,1.15576e-20,1.35868e-20,1.4286e-20,1.35868e-20,1.15576e-20,8.39712e-21,4.41463e-21,0,
0,6.07621e-21,1.15576e-20,1.59077e-20,1.87007e-20,1.9663e-20,1.87007e-20,1.59077e-20,1.15576e-20,6.07621e-21,0,
0,7.14302e-21,1.35868e-20,1.87007e-20,2.19839e-20,2.31153e-20,2.19839e-20,1.87007e-20,1.35868e-20,7.14302e-21,0,
0,7.51061e-21,1.4286e-20,1.9663e-20,2.31153e-20,2.43049e-20,2.31153e-20,1.9663e-20,1.4286e-20,7.51061e-21,0,
0,7.14302e-21,1.35868e-20,1.87007e-20,2.19839e-20,2.31153e-20,2.19839e-20,1.87007e-20,1.35868e-20,7.14302e-21,0,
0,6.07621e-21,1.15576e-20,1.59077e-20,1.87007e-20,1.9663e-20,1.87007e-20,1.59077e-20,1.15576e-20,6.07621e-21,0,
0,4.41463e-21,8.39712e-21,1.15576e-20,1.35868e-20,1.4286e-20,1.35868e-20,1.15576e-20,8.39712e-21,4.41463e-21,0,
0,2.32091e-21,4.41463e-21,6.07621e-21,7.14302e-21,7.51061e-21,7.14302e-21,6.07621e-21,4.41463e-21,2.32091e-21,0,
0,0,0,0,0,0,0,0,0,0,0
Time = 2.5
0,0,0,0,0,0,0,0,0,0,0,
0,1.53564e-23,2.92097e-23,4.02037e-23,4.72622e-23,4.96945e-23,4.72622e-23,4.02037e-23,2.92097e-23,1.53564e-23,0,
0,2.92097e-23,5.55601e-23,7.64719e-23,8.98981e-23,9.45245e-23,8.98981e-23,7.64719e-23,5.55601e-23,2.92097e-23,0,
0,4.02037e-23,7.64719e-23,1.05255e-22,1.23734e-22,1.30102e-22,1.23734e-22,1.05255e-22,7.64719e-23,4.02037e-23,0,
0,4.72622e-23,8.98981e-23,1.23734e-22,1.45458e-22,1.52944e-22,1.45458e-22,1.23734e-22,8.98981e-23,4.72622e-23,0,
0,4.96945e-23,9.45245e-23,1.30102e-22,1.52944e-22,1.60815e-22,1.52944e-22,1.30102e-22,9.45245e-23,4.96945e-23,0,
0,4.72622e-23,8.98981e-23,1.23734e-22,1.45458e-22,1.52944e-22,1.45458e-22,1.23734e-22,8.98981e-23,4.72622e-23,0,
0,4.02037e-23,7.64719e-23,1.05255e-22,1.23734e-22,1.30102e-22,1.23734e-22,1.05255e-22,7.64719e-23,4.02037e-23,0,
0,2.92097e-23,5.55601e-23,7.64719e-23,8.98981e-23,9.45245e-23,8.98981e-23,7.64719e-23,5.55601e-23,2.92097e-23,0,
0,1.53564e-23,2.92097e-23,4.02037e-23,4.72622e-23,4.96945e-23,4.72622e-23,4.02037e-23,2.92097e-23,1.53564e-23,0,
0,0,0,0,0,0,0,0,0,0,0
