Time = 0.0004
0,0,0,0,0,0,0,0,0,0,0,0,0,0,0,0,0,0,0,0,0,0,0,0,0,0,
0,0.0155846,0.0309233,0.0457744,0.0599036,0.0730881,0.08512,0.0958094,0.104988,0.112511,0.118259,0.122142,0.1241,0.1241,0.122142,0.118259,0.112511,0.104988,0.0958094,0.08512,0.0730881,0.0599036,0.0457744,0.0309233,0.0155846,0,
0,0.0309233,0.061359,0.090827,0.118863,0.145024,0.168898,0.190108,0.20832,0.223247,0.234653,0.242359,0.246242,0.246242,0.242359,0.234653,0.223247,0.20832,0.190108,0.168898,0.145024,0.118863,0.090827,0.061359,0.0309233,0,
0,0.0457744,0.090827,0.134447,0.175947,0.214672,0.250012,0.281408,0.308367,0.330463,0.347347,0.358753,0.364501,0.364501,0.358753,0.347347,0.330463,0.308367,0.281408,0.250012,0.214672,0.175947,0.134447,0.090827,0.0457744,0,
0,0.0599036,0.118863,0.175947,0.230257,0.280935,0.327183,0.368271,0.403551,0.432467,0.454562,0.469489,0.477012,0.477012,0.469489,0.454562,0.432467,0.403551,0.368271,0.327183,0.280935,0.230257,0.175947,0.118863,0.0599036,0,
0,0.0730881,0.145024,0.214672,0.280935,0.342767,0.399194,0.449325,0.49237,0.52765,0.554609,0.572821,0.582,0.582,0.572821,0.554609,0.52765,0.49237,0.449325,0.399194,0.342767,0.280935,0.214672,0.145024,0.0730881,0,
0,0.08512,0.168898,0.250012,0.327183,0.399194,0.46491,0.523293,0.573425,0.614513,0.645909,0.66712,0.677809,0.677809,0.66712,0.645909,0.614513,0.573425,0.523293,0.46491,0.399194,0.327183,0.250012,0.168898,0.08512,0,
0,0.0958094,0.190108,0.281408,0.368271,0.449325,0.523293,0.589009,0.645436,0.691684,0.727023,0.750897,0.762929,0.762929,0.750897,0.727023,0.691684,0.645436,0.589009,0.523293,0.449325,0.368271,0.281408,0.190108,0.0958094,0,
0,0.104988,0.20832,0.308367,0.403551,0.49237,0.573425,0.645436,0.707268,0.757947,0.796672,0.822833,0.836017,0.836017,0.822833,0.796672,0.757947,0.707268,0.645436,0.573425,0.49237,0.403551,0.308367,0.20832,0.104988,0,
0,0.112511,0.223247,0.330463,0.432467,0.52765,0.614513,0.691684,0.757947,0.812256,0.853756,0.881792,0.895921,0.895921,0.881792,0.853756,0.812256,0.757947,0.691684,0.614513,0.52765,0.432467,0.330463,0.223247,0.112511,0,
0,0.118259,0.234653,0.347347,0.454562,0.554609,0.645909,0.727023,0.796672,0.853756,0.897376,0.926844,0.941695,0.941695,0.926844,0.897376,0.853756,0.796672,0.727023,0.645909,0.554609,0.454562,0.347347,0.234653,0.118259,0,
0,0.122142,0.242359,0.358753,0.469489,0.572821,0.66712,0.750897,0.822833,0.881792,0.926844,0.95728,0.972619,0.972619,0.95728,0.926844,0.881792,0.822833,0.750897,0.66712,0.572821,0.469489,0.358753,0.242359,0.122142,0,
0,0.1241,0.246242,0.364501,0.477012,0.582,0.677809,0.762929,0.836017,0.895921,0.941695,0.972619,0.988203,0.988203,0.972619,0.941695,0.895921,0.836017,0.762929,0.677809,0.582,0.477012,0.364501,0.246242,0.1241,0,
0,0.1241,0.246242,0.364501,0.477012,0.582,0.677809,0.762929,0.836017,0.895921,0.941695,0.972619,0.988203,0.988203,0.972619,0.941695,0.895921,0.836017,0.762929,0.677809,0.582,0.477012,0.364501,0.246242,0.1241,0,
0,0.122142,0.242359,0.358753,0.469489,0.572821,0.66712,0.750897,0.822833,0.881792,0.926844,0.95728,0.972619,0.972619,0.95728,0.926844,0.881792,0.822833,0.750897,0.66712,0.572821,0.469489,0.358753,0.242359,0.122142,0,
0,0.118259,0.234653,0.347347,0.454562,0.554609,0.645909,0.727023,0.796672,0.853756,0.897376,0.926844,0.941695,0.941695,0.926844,0.897376,0.853756,0.796672,0.727023,0.645909,0.554609,0.454562,0.347347,0.234653,0.118259,0,
0,0.112511,0.223247,0.330463,0.432467,0.52765,0.614513,0.691684,0.757947,0.812256,0.853756,0.881792,0.895921,0.895921,0.881792,0.853756,0.812256,0.757947,0.691684,0.614513,0.52765,0.432467,0.330463,0.223247,0.112511,0,
0,0.104988,0.20832,0.308367,0.403551,0.49237,0.573425,0.645436,0.707268,0.757947,0.796672,0.822833,0.836017,0.836017,0.822833,0.796672,0.757947,0.707268,0.645436,0.573425,0.49237,0.403551,0.308367,0.20832,0.104988,0,
0,0.0958094,0.190108,0.281408,0.368271,0.449325,0.523293,0.589009,0.645436,0.691684,0.727023,0.750897,0.762929,0.762929,0.750897,0.727023,0.691684,0.645436,0.589009,0.523293,0.449325,0.368271,0.281408,0.190108,0.0958094,0,
0,0.08512,0.168898,0.250012,0.327183,0.399194,0.46491,0.523293,0.573425,0.614513,0.645909,0.66712,0.677809,0.677809,0.66712,0.645909,0.614513,0.573425,0.523293,0.46491,0.399194,0.327183,0.250012,0.168898,0.08512,0,
0,0.0730881,0.145024,0.214672,0.280935,0.342767,0.399194,0.449325,0.49237,0.52765,0.554609,0.572821,0.582,0.582,0.572821,0.554609,0.52765,0.49237,0.449325,0.399194,0.342767,0.280935,0.214672,0.145024,0.0730881,0,
0,0.0599036,0.118863,0.175947,0.230257,0.280935,0.327183,0.368271,0.403551,0.432467,0.454562,0.469489,0.477012,0.477012,0.469489,0.454562,0.432467,0.403551,0.368271,0.327183,0.280935,0.230257,0.175947,0.118863,0.0599036,0,
0,0.0457744,0.090827,0.134447,0.175947,0.214672,0.250012,0.281408,0.308367,0.330463,0.347347,0.358753,0.364501,0.364501,0.358753,0.347347,0.330463,0.308367,0.281408,0.250012,0.214672,0.175947,0.134447,0.090827,0.0457744,0,
0,0.0309233,0.061359,0.090827,0.118863,0.145024,0.168898,0.190108,0.20832,0.223247,0.234653,0.242359,0.246242,0.246242,0.242359,0.234653,0.223247,0.20832,0.190108,0.168898,0.145024,0.118863,0.090827,0.061359,0.0309233,0,
0,0.0155846,0.0309233,0.0457744,0.0599036,0.0730881,0.08512,0.0958094,0.104988,0.112511,0.118259,0.122142,0.1241,0.1241,0.122142,0.118259,0.112511,0.104988,0.0958094,0.08512,0.0730881,0.0599036,0.0457744,0.0309233,0.0155846,0,
0,0,0,0,0,0,0,0,0,0,0,0,0,0,0,0,0,0,0,0,0,0,0,0,0,0
Time = 0.04
0,0,0,0,0,0,0,0,0,0,0,0,0,0,0,0,0,0,0,0,0,0,0,0,0,0,
0,0.00711739,0.0141225,0.020905,0.0273577,0.033379,0.0388739,0.0437557,0.0479475,0.0513831,0.0540084,0.0557819,0.0566757,0.0566757,0.0557819,0.0540084,0.0513831,0.0479475,0.0437557,0.0388739,0.033379,0.0273577,0.020905,0.0141225,0.00711739,0,
0,0.0141225,0.0280224,0.0414803,0.054284,0.0662316,0.0771347,0.0868214,0.0951388,0.101956,0.107165,0.110684,0.112458,0.112458,0.110684,0.107165,0.101956,0.0951388,0.0868214,0.0771347,0.0662316,0.054284,0.0414803,0.0280224,0.0141225,0,
0,0.020905,0.0414803,0.0614014,0.0803542,0.0980397,0.114179,0.128518,0.14083,0.150921,0.158632,0.163841,0.166466,0.166466,0.163841,0.158632,0.150921,0.14083,0.128518,0.114179,0.0980397,0.0803542,0.0614014,0.0414803,0.020905,0,
0,0.0273577,0.054284,0.0803542,0.105157,0.128302,0.149423,0.168187,0.1843,0.197505,0.207596,0.214413,0.217849,0.217849,0.214413,0.207596,0.197505,0.1843,0.168187,0.149423,0.128302,0.105157,0.0803542,0.054284,0.0273577,0,
0,0.033379,0.0662316,0.0980397,0.128302,0.15654,0.18231,0.205205,0.224863,0.240975,0.253287,0.261605,0.265797,0.265797,0.261605,0.253287,0.240975,0.224863,0.205205,0.18231,0.15654,0.128302,0.0980397,0.0662316,0.033379,0,
0,0.0388739,0.0771347,0.114179,0.149423,0.18231,0.212322,0.238986,0.26188,0.280645,0.294984,0.30467,0.309552,0.309552,0.30467,0.294984,0.280645,0.26188,0.238986,0.212322,0.18231,0.149423,0.114179,0.0771347,0.0388739,0,
0,0.0437557,0.0868214,0.128518,0.168187,0.205205,0.238986,0.268998,0.294768,0.315889,0.332028,0.342931,0.348426,0.348426,0.342931,0.332028,0.315889,0.294768,0.268998,0.238986,0.205205,0.168187,0.128518,0.0868214,0.0437557,0,
0,0.0479475,0.0951388,0.14083,0.1843,0.224863,0.26188,0.294768,0.323006,0.346151,0.363836,0.375784,0.381805,0.381805,0.375784,0.363836,0.346151,0.323006,0.294768,0.26188,0.224863,0.1843,0.14083,0.0951388,0.0479475,0,
0,0.0513831,0.101956,0.150921,0.197505,0.240975,0.280645,0.315889,0.346151,0.370954,0.389906,0.40271,0.409163,0.409163,0.40271,0.389906,0.370954,0.346151,0.315889,0.280645,0.240975,0.197505,0.150921,0.101956,0.0513831,0,
0,0.0540084,0.107165,0.158632,0.207596,0.253287,0.294984,0.332028,0.363836,0.389906,0.409828,0.423285,0.430068,0.430068,0.423285,0.409828,0.389906,0.363836,0.332028,0.294984,0.253287,0.207596,0.158632,0.107165,0.0540084,0,
0,0.0557819,0.110684,0.163841,0.214413,0.261605,0.30467,0.342931,0.375784,0.40271,0.423285,0.437185,0.44419,0.44419,0.437185,0.423285,0.40271,0.375784,0.342931,0.30467,0.261605,0.214413,0.163841,0.110684,0.0557819,0,
0,0.0566757,0.112458,0.166466,0.217849,0.265797,0.309552,0.348426,0.381805,0.409163,0.430068,0.44419,0.451308,0.451308,0.44419,0.430068,0.409163,0.381805,0.348426,0.309552,0.265797,0.217849,0.166466,0.112458,0.0566757,0,
0,0.0566757,0.112458,0.166466,0.217849,0.265797,0.309552,0.348426,0.381805,0.409163,0.430068,0.44419,0.451308,0.451308,0.44419,0.430068,0.409163,0.381805,0.348426,0.309552,0.265797,0.217849,0.166466,0.112458,0.0566757,0,
0,0.0557819,0.110684,0.163841,0.214413,0.261605,0.30467,0.342931,0.375784,0.40271,0.423285,0.437185,0.44419,0.44419,0.437185,0.423285,0.40271,0.375784,0.342931,0.30467,0.261605,0.214413,0.163841,0.110684,0.0557819,0,
0,0.0540084,0.107165,0.158632,0.207596,0.253287,0.294984,0.332028,0.363836,0.389906,0.409828,0.423285,0.430068,0.430068,0.423285,0.409828,0.389906,0.363836,0.332028,0.294984,0.253287,0.207596,0.158632,0.107165,0.0540084,0,
0,0.0513831,0.101956,0.150921,0.197505,0.240975,0.280645,0.315889,0.346151,0.370954,0.389906,0.40271,0.409163,0.409163,0.40271,0.389906,0.370954,0.346151,0.315889,0.280645,0.240975,0.197505,0.150921,0.101956,0.0513831,0,
0,0.0479475,0.0951388,0.14083,0.1843,0.224863,0.26188,0.294768,0.323006,0.346151,0.363836,0.375784,0.381805,0.381805,0.375784,0.363836,0.346151,0.323006,0.294768,0.26188,0.224863,0.1843,0.14083,0.0951388,0.0479475,0,
0,0.0437557,0.0868214,0.128518,0.168187,0.205205,0.238986,0.268998,0.294768,0.315889,0.332028,0.342931,0.348426,0.348426,0.342931,0.332028,0.315889,0.294768,0.268998,0.238986,0.205205,0.168187,0.128518,0.0868214,0.0437557,0,
0,0.0388739,0.0771347,0.114179,0.149423,0.18231,0.212322,0.238986,0.26188,0.280645,0.294984,0.30467,0.309552,0.309552,0.30467,0.294984,0.280645,0.26188,0.238986,0.212322,0.18231,0.149423,0.114179,0.0771347,0.0388739,0,
0,0.033379,0.0662316,0.0980397,0.128302,0.15654,0.18231,0.205205,0.224863,0.240975,0.253287,0.261605,0.265797,0.265797,0.261605,0.253287,0.240975,0.224863,0.205205,0.18231,0.15654,0.128302,0.0980397,0.0662316,0.033379,0,
0,0.0273577,0.054284,0.0803542,0.105157,0.128302,0.149423,0.168187,0.1843,0.197505,0.207596,0.214413,0.217849,0.217849,0.214413,0.207596,0.197505,0.1843,0.168187,0.149423,0.128302,0.105157,0.0803542,0.054284,0.0273577,0,
0,0.020905,0.0414803,0.0614014,0.0803542,0.0980397,0.114179,0.128518,0.14083,0.150921,0.158632,0.163841,0.166466,0.166466,0.163841,0.158632,0.150921,0.14083,0.128518,0.114179,0.0980397,0.0803542,0.0614014,0.0414803,0.020905,0,
0,0.0141225,0.0280224,0.0414803,0.054284,0.0662316,0.0771347,0.0868214,0.0951388,0.101956,0.107165,0.110684,0.112458,0.112458,0.110684,0.107165,0.101956,0.0951388,0.0868214,0.0771347,0.0662316,0.054284,0.0414803,0.0280224,0.0141225,0,
0,0.00711739,0.0141225,0.020905,0.0273577,0.033379,0.0388739,0.0437557,0.0479475,0.0513831,0.0540084,0.0557819,0.0566757,0.0566757,0.0557819,0.0540084,0.0513831,0.0479475,0.0437557,0.0388739,0.033379,0.0273577,0.020905,0.0141225,0.00711739,0,
0,0,0,0,0,0,0,0,0,0,0,0,0,0,0,0,0,0,0,0,0,0,0,0,0,0
Time = 0.08
0,0,0,0,0,0,0,0,0,0,0,0,0,0,0,0,0,0,0,0,0,0,0,0,0,0,
0,0.00322485,0.00639884,0.00947192,0.0123956,0.0151238,0.0176135,0.0198255,0.0217247,0.0232814,0.0244709,0.0252745,0.0256794,0.0256794,0.0252745,0.0244709,0.0232814,0.0217247,0.0198255,0.0176135,0.0151238,0.0123956,0.00947192,0.00639884,0.00322485,0,
0,0.00639884,0.0126968,0.0187945,0.0245958,0.0300092,0.0349493,0.0393383,0.0431069,0.0461956,0.0485558,0.0501503,0.0509539,0.0509539,0.0501503,0.0485558,0.0461956,0.0431069,0.0393383,0.0349493,0.0300092,0.0245958,0.0187945,0.0126968,0.00639884,0,
0,0.00947192,0.0187945,0.0278206,0.036408,0.0444212,0.0517339,0.0582307,0.0638092,0.0683813,0.071875,0.0742353,0.0754248,0.0754248,0.0742353,0.071875,0.0683813,0.0638092,0.0582307,0.0517339,0.0444212,0.036408,0.0278206,0.0187945,0.00947192,0,
0,0.0123956,0.0245958,0.036408,0.0476461,0.0581327,0.0677026,0.0762048,0.0835051,0.0894886,0.0940607,0.0971495,0.0987062,0.0987062,0.0971495,0.0940607,0.0894886,0.0835051,0.0762048,0.0677026,0.0581327,0.0476461,0.036408,0.0245958,0.0123956,0,
0,0.0151238,0.0300092,0.0444212,0.0581327,0.0709275,0.0826036,0.0929771,0.101884,0.109185,0.114763,0.118532,0.120431,0.120431,0.118532,0.114763,0.109185,0.101884,0.0929771,0.0826036,0.0709275,0.0581327,0.0444212,0.0300092,0.0151238,0,
0,0.0176135,0.0349493,0.0517339,0.0677026,0.0826036,0.0962019,0.108283,0.118656,0.127159,0.133655,0.138044,0.140256,0.140256,0.138044,0.133655,0.127159,0.118656,0.108283,0.0962019,0.0826036,0.0677026,0.0517339,0.0349493,0.0176135,0,
0,0.0198255,0.0393383,0.0582307,0.0762048,0.0929771,0.108283,0.121881,0.133558,0.143127,0.15044,0.15538,0.15787,0.15787,0.15538,0.15044,0.143127,0.133558,0.121881,0.108283,0.0929771,0.0762048,0.0582307,0.0393383,0.0198255,0,
0,0.0217247,0.0431069,0.0638092,0.0835051,0.101884,0.118656,0.133558,0.146352,0.156839,0.164852,0.170266,0.172994,0.172994,0.170266,0.164852,0.156839,0.146352,0.133558,0.118656,0.101884,0.0835051,0.0638092,0.0431069,0.0217247,0,
0,0.0232814,0.0461956,0.0683813,0.0894886,0.109185,0.127159,0.143127,0.156839,0.168077,0.176664,0.182466,0.185389,0.185389,0.182466,0.176664,0.168077,0.156839,0.143127,0.127159,0.109185,0.0894886,0.0683813,0.0461956,0.0232814,0,
0,0.0244709,0.0485558,0.071875,0.0940607,0.114763,0.133655,0.15044,0.164852,0.176664,0.18569,0.191788,0.194861,0.194861,0.191788,0.18569,0.176664,0.164852,0.15044,0.133655,0.114763,0.0940607,0.071875,0.0485558,0.0244709,0,
0,0.0252745,0.0501503,0.0742353,0.0971495,0.118532,0.138044,0.15538,0.170266,0.182466,0.191788,0.198086,0.20126,0.20126,0.198086,0.191788,0.182466,0.170266,0.15538,0.138044,0.118532,0.0971495,0.0742353,0.0501503,0.0252745,0,
0,0.0256794,0.0509539,0.0754248,0.0987062,0.120431,0.140256,0.15787,0.172994,0.185389,0.194861,0.20126,0.204485,0.204485,0.20126,0.194861,0.185389,0.172994,0.15787,0.140256,0.120431,0.0987062,0.0754248,0.0509539,0.0256794,0,
0,0.0256794,0.0509539,0.0754248,0.0987062,0.120431,0.140256,0.15787,0.172994,0.185389,0.194861,0.20126,0.204485,0.204485,0.20126,0.194861,0.185389,0.172994,0.15787,0.140256,0.120431,0.0987062,0.0754248,0.0509539,0.0256794,0,
0,0.0252745,0.0501503,0.0742353,0.0971495,0.118532,0.138044,0.15538,0.170266,0.182466,0.191788,0.198086,0.20126,0.20126,0.198086,0.191788,0.182466,0.170266,0.15538,0.138044,0.118532,0.0971495,0.0742353,0.0501503,0.0252745,0,
0,0.0244709,0.0485558,0.071875,0.0940607,0.114763,0.133655,0.15044,0.164852,0.176664,0.18569,0.191788,0.194861,0.194861,0.191788,0.18569,0.176664,0.164852,0.15044,0.133655,0.114763,0.0940607,0.071875,0.0485558,0.0244709,0,
0,0.0232814,0.0461956,0.0683813,0.0894886,0.109185,0.127159,0.143127,0.156839,0.168077,0.176664,0.182466,0.185389,0.185389,0.182466,0.176664,0.168077,0.156839,0.143127,0.127159,0.109185,0.0894886,0.0683813,0.0461956,0.0232814,0,
0,0.0217247,0.0431069,0.0638092,0.0835051,0.101884,0.118656,0.133558,0.146352,0.156839,0.164852,0.170266,0.172994,0.172994,0.170266,0.164852,0.156839,0.146352,0.133558,0.118656,0.101884,0.0835051,0.0638092,0.0431069,0.0217247,0,
0,0.0198255,0.0393383,0.0582307,0.0762048,0.0929771,0.108283,0.121881,0.133558,0.143127,0.15044,0.15538,0.15787,0.15787,0.15538,0.15044,0.143127,0.133558,0.121881,0.108283,0.0929771,0.0762048,0.0582307,0.0393383,0.0198255,0,
0,0.0176135,0.0349493,0.0517339,0.0677026,0.0826036,0.0962019,0.108283,0.118656,0.127159,0.133655,0.138044,0.140256,0.140256,0.138044,0.133655,0.127159,0.118656,0.108283,0.0962019,0.0826036,0.0677026,0.0517339,0.0349493,0.0176135,0,
0,0.0151238,0.0300092,0.0444212,0.0581327,0.0709275,0.0826036,0.0929771,0.101884,0.109185,0.114763,0.118532,0.120431,0.120431,0.118532,0.114763,0.109185,0.101884,0.0929771,0.0826036,0.0709275,0.0581327,0.0444212,0.0300092,0.0151238,0,
0,0.0123956,0.0245958,0.036408,0.0476461,0.0581327,0.0677026,0.0762048,0.0835051,0.0894886,0.0940607,0.0971495,0.0987062,0.0987062,0.0971495,0.0940607,0.0894886,0.0835051,0.0762048,0.0677026,0.0581327,0.0476461,0.036408,0.0245958,0.0123956,0,
0,0.00947192,0.0187945,0.0278206,0.036408,0.0444212,0.0517339,0.0582307,0.0638092,0.0683813,0.071875,0.0742353,0.0754248,0.0754248,0.0742353,0.071875,0.0683813,0.0638092,0.0582307,0.0517339,0.0444212,0.036408,0.0278206,0.0187945,0.00947192,0,
0,0.00639884,0.0126968,0.0187945,0.0245958,0.0300092,0.0349493,0.0393383,0.0431069,0.0461956,0.0485558,0.0501503,0.0509539,0.0509539,0.0501503,0.0485558,0.0461956,0.0431069,0.0393383,0.0349493,0.0300092,0.0245958,0.0187945,0.0126968,0.00639884,0,
0,0.00322485,0.00639884,0.00947192,0.0123956,0.0151238,0.0176135,0.0198255,0.0217247,0.0232814,0.0244709,0.0252745,0.0256794,0.0256794,0.0252745,0.0244709,0.0232814,0.0217247,0.0198255,0.0176135,0.0151238,0.0123956,0.00947192,0.00639884,0.00322485,0,
0,0,0,0,0,0,0,0,0,0,0,0,0,0,0,0,0,0,0,0,0,0,0,0,0,0
Time = 0.12
0,0,0,0,0,0,0,0,0,0,0,0,0,0,0,0,0,0,0,0,0,0,0,0,0,0,
0,0.00146116,0.00289928,0.00429167,0.00561638,0.00685252,0.00798059,0.0089828,0.00984335,0.0105487,0.0110876,0.0114517,0.0116352,0.0116352,0.0114517,0.0110876,0.0105487,0.00984335,0.0089828,0.00798059,0.00685252,0.00561638,0.00429167,0.00289928,0.00146116,0,
0,0.00289928,0.00575283,0.00851566,0.0111442,0.013597,0.0158353,0.0178239,0.0195315,0.020931,0.0220004,0.0227228,0.0230869,0.0230869,0.0227228,0.0220004,0.020931,0.0195315,0.0178239,0.0158353,0.013597,0.0111442,0.00851566,0.00575283,0.00289928,0,
0,0.00429167,0.00851566,0.0126054,0.0164963,0.020127,0.0234403,0.026384,0.0289116,0.0309832,0.0325662,0.0336356,0.0341745,0.0341745,0.0336356,0.0325662,0.0309832,0.0289116,0.026384,0.0234403,0.020127,0.0164963,0.0126054,0.00851566,0.00429167,0,
0,0.00561638,0.0111442,0.0164963,0.0215882,0.0263396,0.0306757,0.0345279,0.0378357,0.0405468,0.0426184,0.0440179,0.0447232,0.0447232,0.0440179,0.0426184,0.0405468,0.0378357,0.0345279,0.0306757,0.0263396,0.0215882,0.0164963,0.0111442,0.00561638,0,
0,0.00685252,0.013597,0.020127,0.0263396,0.0321368,0.0374272,0.0421274,0.0461631,0.0494709,0.0519985,0.053706,0.0545665,0.0545665,0.053706,0.0519985,0.0494709,0.0461631,0.0421274,0.0374272,0.0321368,0.0263396,0.020127,0.013597,0.00685252,0,
0,0.00798059,0.0158353,0.0234403,0.0306757,0.0374272,0.0435885,0.0490624,0.0537626,0.0576149,0.0605585,0.0625471,0.0635493,0.0635493,0.0625471,0.0605585,0.0576149,0.0537626,0.0490624,0.0435885,0.0374272,0.0306757,0.0234403,0.0158353,0.00798059,0,
0,0.0089828,0.0178239,0.026384,0.0345279,0.0421274,0.0490624,0.0552237,0.0605141,0.0648502,0.0681635,0.0704019,0.0715299,0.0715299,0.0704019,0.0681635,0.0648502,0.0605141,0.0552237,0.0490624,0.0421274,0.0345279,0.026384,0.0178239,0.0089828,0,
0,0.00984335,0.0195315,0.0289116,0.0378357,0.0461631,0.0537626,0.0605141,0.0663113,0.0710628,0.0746935,0.0771463,0.0783825,0.0783825,0.0771463,0.0746935,0.0710628,0.0663113,0.0605141,0.0537626,0.0461631,0.0378357,0.0289116,0.0195315,0.00984335,0,
0,0.0105487,0.020931,0.0309832,0.0405468,0.0494709,0.0576149,0.0648502,0.0710628,0.0761547,0.0800456,0.0826741,0.0839988,0.0839988,0.0826741,0.0800456,0.0761547,0.0710628,0.0648502,0.0576149,0.0494709,0.0405468,0.0309832,0.020931,0.0105487,0,
0,0.0110876,0.0220004,0.0325662,0.0426184,0.0519985,0.0605585,0.0681635,0.0746935,0.0800456,0.0841353,0.0868981,0.0882905,0.0882905,0.0868981,0.0841353,0.0800456,0.0746935,0.0681635,0.0605585,0.0519985,0.0426184,0.0325662,0.0220004,0.0110876,0,
0,0.0114517,0.0227228,0.0336356,0.0440179,0.053706,0.0625471,0.0704019,0.0771463,0.0826741,0.0868981,0.0897517,0.0911898,0.0911898,0.0897517,0.0868981,0.0826741,0.0771463,0.0704019,0.0625471,0.053706,0.0440179,0.0336356,0.0227228,0.0114517,0,
0,0.0116352,0.0230869,0.0341745,0.0447232,0.0545665,0.0635493,0.0715299,0.0783825,0.0839988,0.0882905,0.0911898,0.092651,0.092651,0.0911898,0.0882905,0.0839988,0.0783825,0.0715299,0.0635493,0.0545665,0.0447232,0.0341745,0.0230869,0.0116352,0,
0,0.0116352,0.0230869,0.0341745,0.0447232,0.0545665,0.0635493,0.0715299,0.0783825,0.0839988,0.0882905,0.0911898,0.092651,0.092651,0.0911898,0.0882905,0.0839988,0.0783825,0.0715299,0.0635493,0.0545665,0.0447232,0.0341745,0.0230869,0.0116352,0,
0,0.0114517,0.0227228,0.0336356,0.0440179,0.053706,0.0625471,0.0704019,0.0771463,0.0826741,0.0868981,0.0897517,0.0911898,0.0911898,0.0897517,0.0868981,0.0826741,0.0771463,0.0704019,0.0625471,0.053706,0.0440179,0.0336356,0.0227228,0.0114517,0,
0,0.0110876,0.0220004,0.0325662,0.0426184,0.0519985,0.0605585,0.0681635,0.0746935,0.0800456,0.0841353,0.0868981,0.0882905,0.0882905,0.0868981,0.0841353,0.0800456,0.0746935,0.0681635,0.0605585,0.0519985,0.0426184,0.0325662,0.0220004,0.0110876,0,
0,0.0105487,0.020931,0.0309832,0.0405468,0.0494709,0.0576149,0.0648502,0.0710628,0.0761547,0.0800456,0.0826741,0.0839988,0.0839988,0.0826741,0.0800456,0.0761547,0.0710628,0.0648502,0.0576149,0.0494709,0.0405468,0.0309832,0.020931,0.0105487,0,
0,0.00984335,0.0195315,0.0289116,0.0378357,0.0461631,0.0537626,0.0605141,0.0663113,0.0710628,0.0746935,0.0771463,0.0783825,0.0783825,0.0771463,0.0746935,0.0710628,0.0663113,0.0605141,0.0537626,0.0461631,0.0378357,0.0289116,0.0195315,0.00984335,0,
0,0.0089828,0.0178239,0.026384,0.0345279,0.0421274,0.0490624,0.0552237,0.0605141,0.0648502,0.0681635,0.0704019,0.0715299,0.0715299,0.0704019,0.0681635,0.0648502,0.0605141,0.0552237,0.0490624,0.0421274,0.0345279,0.026384,0.0178239,0.0089828,0,
0,0.00798059,0.0158353,0.0234403,0.0306757,0.0374272,0.0435885,0.0490624,0.0537626,0.0576149,0.0605585,0.0625471,0.0635493,0.0635493,0.0625471,0.0605585,0.0576149,0.0537626,0.0490624,0.0435885,0.0374272,0.0306757,0.0234403,0.0158353,0.00798059,0,
0,0.00685252,0.013597,0.020127,0.0263396,0.0321368,0.0374272,0.0421274,0.0461631,0.0494709,0.0519985,0.053706,0.0545665,0.0545665,0.053706,0.0519985,0.0494709,0.0461631,0.0421274,0.0374272,0.0321368,0.0263396,0.020127,0.013597,0.00685252,0,
0,0.00561638,0.0111442,0.0164963,0.0215882,0.0263396,0.0306757,0.0345279,0.0378357,0.0405468,0.0426184,0.0440179,0.0447232,0.0447232,0.0440179,0.0426184,0.0405468,0.0378357,0.0345279,0.0306757,0.0263396,0.0215882,0.0164963,0.0111442,0.00561638,0,
0,0.00429167,0.00851566,0.0126054,0.0164963,0.020127,0.0234403,0.026384,0.0289116,0.0309832,0.0325662,0.0336356,0.0341745,0.0341745,0.0336356,0.0325662,0.0309832,0.0289116,0.026384,0.0234403,0.020127,0.0164963,0.0126054,0.00851566,0.00429167,0,
0,0.00289928,0.00575283,0.00851566,0.0111442,0.013597,0.0158353,0.0178239,0.0195315,0.020931,0.0220004,0.0227228,0.0230869,0.0230869,0.0227228,0.0220004,0.020931,0.0195315,0.0178239,0.0158353,0.013597,0.0111442,0.00851566,0.00575283,0.00289928,0,
0,0.00146116,0.00289928,0.00429167,0.00561638,0.00685252,0.00798059,0.0089828,0.00984335,0.0105487,0.0110876,0.0114517,0.0116352,0.0116352,0.0114517,0.0110876,0.0105487,0.00984335,0.0089828,0.00798059,0.00685252,0.00561638,0.00429167,0.00289928,0.00146116,0,
0,0,0,0,0,0,0,0,0,0,0,0,0,0,0,0,0,0,0,0,0,0,0,0,0,0
Time = 0.16
0,0,0,0,0,0,0,0,0,0,0,0,0,0,0,0,0,0,0,0,0,0,0,0,0,0,
0,0.000662044,0.00131365,0.00194453,0.00254475,0.00310484,0.00361596,0.00407006,0.00445996,0.00477954,0.00502373,0.0051887,0.00527184,0.00527184,0.0051887,0.00502373,0.00477954,0.00445996,0.00407006,0.00361596,0.00310484,0.00254475,0.00194453,0.00131365,0.000662044,0,
0,0.00131365,0.00260658,0.0038584,0.00504937,0.00616071,0.00717489,0.00807593,0.00884959,0.0094837,0.00996824,0.0102956,0.0104605,0.0104605,0.0102956,0.00996824,0.0094837,0.00884959,0.00807593,0.00717489,0.00616071,0.00504937,0.0038584,0.00260658,0.00131365,0,
0,0.00194453,0.0038584,0.00571141,0.00747436,0.00911943,0.0106207,0.0119544,0.0130997,0.0140383,0.0147555,0.0152401,0.0154843,0.0154843,0.0152401,0.0147555,0.0140383,0.0130997,0.0119544,0.0106207,0.00911943,0.00747436,0.00571141,0.0038584,0.00194453,0,
0,0.00254475,0.00504937,0.00747436,0.00978147,0.0119343,0.013899,0.0156444,0.0171431,0.0183715,0.0193101,0.0199442,0.0202638,0.0202638,0.0199442,0.0193101,0.0183715,0.0171431,0.0156444,0.013899,0.0119343,0.00978147,0.00747436,0.00504937,0.00254475,0,
0,0.00310484,0.00616071,0.00911943,0.0119343,0.014561,0.0169581,0.0190877,0.0209163,0.022415,0.0235602,0.0243339,0.0247238,0.0247238,0.0243339,0.0235602,0.022415,0.0209163,0.0190877,0.0169581,0.014561,0.0119343,0.00911943,0.00616071,0.00310484,0,
0,0.00361596,0.00717489,0.0106207,0.013899,0.0169581,0.0197497,0.0222299,0.0243595,0.026105,0.0274387,0.0283397,0.0287938,0.0287938,0.0283397,0.0274387,0.026105,0.0243595,0.0222299,0.0197497,0.0169581,0.013899,0.0106207,0.00717489,0.00361596,0,
0,0.00407006,0.00807593,0.0119544,0.0156444,0.0190877,0.0222299,0.0250216,0.0274186,0.0293832,0.0308845,0.0318987,0.0324098,0.0324098,0.0318987,0.0308845,0.0293832,0.0274186,0.0250216,0.0222299,0.0190877,0.0156444,0.0119544,0.00807593,0.00407006,0,
0,0.00445996,0.00884959,0.0130997,0.0171431,0.0209163,0.0243595,0.0274186,0.0300453,0.0321981,0.0338432,0.0349545,0.0355146,0.0355146,0.0349545,0.0338432,0.0321981,0.0300453,0.0274186,0.0243595,0.0209163,0.0171431,0.0130997,0.00884959,0.00445996,0,
0,0.00477954,0.0094837,0.0140383,0.0183715,0.022415,0.026105,0.0293832,0.0321981,0.0345053,0.0362682,0.0374592,0.0380594,0.0380594,0.0374592,0.0362682,0.0345053,0.0321981,0.0293832,0.026105,0.022415,0.0183715,0.0140383,0.0094837,0.00477954,0,
0,0.00502373,0.00996824,0.0147555,0.0193101,0.0235602,0.0274387,0.0308845,0.0338432,0.0362682,0.0381212,0.039373,0.0400039,0.0400039,0.039373,0.0381212,0.0362682,0.0338432,0.0308845,0.0274387,0.0235602,0.0193101,0.0147555,0.00996824,0.00502373,0,
0,0.0051887,0.0102956,0.0152401,0.0199442,0.0243339,0.0283397,0.0318987,0.0349545,0.0374592,0.039373,0.040666,0.0413176,0.0413176,0.040666,0.039373,0.0374592,0.0349545,0.0318987,0.0283397,0.0243339,0.0199442,0.0152401,0.0102956,0.0051887,0,
0,0.00527184,0.0104605,0.0154843,0.0202638,0.0247238,0.0287938,0.0324098,0.0355146,0.0380594,0.0400039,0.0413176,0.0419796,0.0419796,0.0413176,0.0400039,0.0380594,0.0355146,0.0324098,0.0287938,0.0247238,0.0202638,0.0154843,0.0104605,0.00527184,0,
0,0.00527184,0.0104605,0.0154843,0.0202638,0.0247238,0.0287938,0.0324098,0.0355146,0.0380594,0.0400039,0.0413176,0.0419796,0.0419796,0.0413176,0.0400039,0.0380594,0.0355146,0.0324098,0.0287938,0.0247238,0.0202638,0.0154843,0.0104605,0.00527184,0,
0,0.0051887,0.0102956,0.0152401,0.0199442,0.0243339,0.0283397,0.0318987,0.0349545,0.0374592,0.039373,0.040666,0.0413176,0.0413176,0.040666,0.039373,0.0374592,0.0349545,0.0318987,0.0283397,0.0243339,0.0199442,0.0152401,0.0102956,0.0051887,0,
0,0.00502373,0.00996824,0.0147555,0.0193101,0.0235602,0.0274387,0.0308845,0.0338432,0.0362682,0.0381212,0.039373,0.0400039,0.0400039,0.039373,0.0381212,0.0362682,0.0338432,0.0308845,0.0274387,0.0235602,0.0193101,0.0147555,0.00996824,0.00502373,0,
0,0.00477954,0.0094837,0.0140383,0.0183715,0.022415,0.026105,0.0293832,0.0321981,0.0345053,0.0362682,0.0374592,0.0380594,0.0380594,0.0374592,0.0362682,0.0345053,0.0321981,0.0293832,0.026105,0.022415,0.0183715,0.0140383,0.0094837,0.00477954,0,
0,0.00445996,0.00884959,0.0130997,0.0171431,0.0209163,0.0243595,0.0274186,0.0300453,0.0321981,0.0338432,0.0349545,0.0355146,0.0355146,0.0349545,0.0338432,0.0321981,0.0300453,0.0274186,0.0243595,0.0209163,0.0171431,0.0130997,0.00884959,0.00445996,0,
0,0.00407006,0.00807593,0.0119544,0.0156444,0.0190877,0.0222299,0.0250216,0.0274186,0.0293832,0.0308845,0.0318987,0.0324098,0.0324098,0.0318987,0.0308845,0.0293832,0.0274186,0.0250216,0.0222299,0.0190877,0.0156444,0.0119544,0.00807593,0.00407006,0,
0,0.00361596,0.00717489,0.0106207,0.013899,0.0169581,0.0197497,0.0222299,0.0243595,0.026105,0.0274387,0.0283397,0.0287938,0.0287938,0.0283397,0.0274387,0.026105,0.0243595,0.0222299,0.0197497,0.0169581,0.013899,0.0106207,0.00717489,0.00361596,0,
0,0.00310484,0.00616071,0.00911943,0.0119343,0.014561,0.0169581,0.0190877,0.0209163,0.022415,0.0235602,0.0243339,0.0247238,0.0247238,0.0243339,0.0235602,0.022415,0.0209163,0.0190877,0.0169581,0.014561,0.0119343,0.00911943,0.00616071,0.00310484,0,
0,0.00254475,0.00504937,0.00747436,0.00978147,0.0119343,0.013899,0.0156444,0.0171431,0.0183715,0.0193101,0.0199442,0.0202638,0.0202638,0.0199442,0.0193101,0.0183715,0.0171431,0.0156444,0.013899,0.0119343,0.00978147,0.00747436,0.00504937,0.00254475,0,
0,0.00194453,0.0038584,0.00571141,0.00747436,0.00911943,0.0106207,0.0119544,0.0130997,0.0140383,0.0147555,0.0152401,0.0154843,0.0154843,0.0152401,0.0147555,0.0140383,0.0130997,0.0119544,0.0106207,0.00911943,0.00747436,0.00571141,0.0038584,0.00194453,0,
0,0.00131365,0.00260658,0.0038584,0.00504937,0.00616071,0.00717489,0.00807593,0.00884959,0.0094837,0.00996824,0.0102956,0.0104605,0.0104605,0.0102956,0.00996824,0.0094837,0.00884959,0.00807593,0.00717489,0.00616071,0.00504937,0.0038584,0.00260658,0.00131365,0,
0,0.000662044,0.00131365,0.00194453,0.00254475,0.00310484,0.00361596,0.00407006,0.00445996,0.00477954,0.00502373,0.0051887,0.00527184,0.00527184,0.0051887,0.00502373,0.00477954,0.00445996,0.00407006,0.00361596,0.00310484,0.00254475,0.00194453,0.00131365,0.000662044,0,
0,0,0,0,0,0,0,0,0,0,0,0,0,0,0,0,0,0,0,0,0,0,0,0,0,0
Time = 0.2
0,0,0,0,0,0,0,0,0,0,0,0,0,0,0,0,0,0,0,0,0,0,0,0,0,0,
0,0.000299968,0.000595205,0.000881056,0.00115301,0.00140678,0.00163837,0.00184412,0.00202078,0.00216558,0.00227622,0.00235097,0.00238864,0.00238864,0.00235097,0.00227622,0.00216558,0.00202078,0.00184412,0.00163837,0.00140678,0.00115301,0.000881056,0.000595205,0.000299968,0,
0,0.000595205,0.00118102,0.00174822,0.00228784,0.00279138,0.0032509,0.00365915,0.0040097,0.00429701,0.00451655,0.00466487,0.00473961,0.00473961,0.00466487,0.00451655,0.00429701,0.0040097,0.00365915,0.0032509,0.00279138,0.00228784,0.00174822,0.00118102,0.000595205,0,
0,0.000881056,0.00174822,0.00258781,0.00338659,0.00413196,0.00481217,0.00541648,0.00593538,0.00636067,0.00668565,0.00690519,0.00701584,0.00701584,0.00690519,0.00668565,0.00636067,0.00593538,0.00541648,0.00481217,0.00413196,0.00338659,0.00258781,0.00174822,0.000881056,0,
0,0.00115301,0.00228784,0.00338659,0.00443193,0.00540737,0.00629754,0.00708839,0.00776746,0.00832402,0.00874931,0.00903662,0.00918142,0.00918142,0.00903662,0.00874931,0.00832402,0.00776746,0.00708839,0.00629754,0.00540737,0.00443193,0.00338659,0.00228784,0.00115301,0,
0,0.00140678,0.00279138,0.00413196,0.00540737,0.00659751,0.0076836,0.00864851,0.00947703,0.0101561,0.010675,0.0110255,0.0112022,0.0112022,0.0110255,0.010675,0.0101561,0.00947703,0.00864851,0.0076836,0.00659751,0.00540737,0.00413196,0.00279138,0.00140678,0,
0,0.00163837,0.0032509,0.00481217,0.00629754,0.0076836,0.00894848,0.0100722,0.0110372,0.011828,0.0124323,0.0128406,0.0130463,0.0130463,0.0128406,0.0124323,0.011828,0.0110372,0.0100722,0.00894848,0.0076836,0.00629754,0.00481217,0.0032509,0.00163837,0,
0,0.00184412,0.00365915,0.00541648,0.00708839,0.00864851,0.0100722,0.0113371,0.0124232,0.0133134,0.0139936,0.0144531,0.0146847,0.0146847,0.0144531,0.0139936,0.0133134,0.0124232,0.0113371,0.0100722,0.00864851,0.00708839,0.00541648,0.00365915,0.00184412,0,
0,0.00202078,0.0040097,0.00593538,0.00776746,0.00947703,0.0110372,0.0124232,0.0136133,0.0145888,0.0153342,0.0158377,0.0160915,0.0160915,0.0158377,0.0153342,0.0145888,0.0136133,0.0124232,0.0110372,0.00947703,0.00776746,0.00593538,0.0040097,0.00202078,0,
0,0.00216558,0.00429701,0.00636067,0.00832402,0.0101561,0.011828,0.0133134,0.0145888,0.0156341,0.0164329,0.0169725,0.0172445,0.0172445,0.0169725,0.0164329,0.0156341,0.0145888,0.0133134,0.011828,0.0101561,0.00832402,0.00636067,0.00429701,0.00216558,0,
0,0.00227622,0.00451655,0.00668565,0.00874931,0.010675,0.0124323,0.0139936,0.0153342,0.0164329,0.0172725,0.0178397,0.0181255,0.0181255,0.0178397,0.0172725,0.0164329,0.0153342,0.0139936,0.0124323,0.010675,0.00874931,0.00668565,0.00451655,0.00227622,0,
0,0.00235097,0.00466487,0.00690519,0.00903662,0.0110255,0.0128406,0.0144531,0.0158377,0.0169725,0.0178397,0.0184255,0.0187207,0.0187207,0.0184255,0.0178397,0.0169725,0.0158377,0.0144531,0.0128406,0.0110255,0.00903662,0.00690519,0.00466487,0.00235097,0,
0,0.00238864,0.00473961,0.00701584,0.00918142,0.0112022,0.0130463,0.0146847,0.0160915,0.0172445,0.0181255,0.0187207,0.0190207,0.0190207,0.0187207,0.0181255,0.0172445,0.0160915,0.0146847,0.0130463,0.0112022,0.00918142,0.00701584,0.00473961,0.00238864,0,
0,0.00238864,0.00473961,0.00701584,0.00918142,0.0112022,0.0130463,0.0146847,0.0160915,0.0172445,0.0181255,0.0187207,0.0190207,0.0190207,0.0187207,0.0181255,0.0172445,0.0160915,0.0146847,0.0130463,0.0112022,0.00918142,0.00701584,0.00473961,0.00238864,0,
0,0.00235097,0.00466487,0.00690519,0.00903662,0.0110255,0.0128406,0.0144531,0.0158377,0.0169725,0.0178397,0.0184255,0.0187207,0.0187207,0.0184255,0.0178397,0.0169725,0.0158377,0.0144531,0.0128406,0.0110255,0.00903662,0.00690519,0.00466487,0.00235097,0,
0,0.00227622,0.00451655,0.00668565,0.00874931,0.010675,0.0124323,0.0139936,0.0153342,0.0164329,0.0172725,0.0178397,0.0181255,0.0181255,0.0178397,0.0172725,0.0164329,0.0153342,0.0139936,0.0124323,0.010675,0.00874931,0.00668565,0.00451655,0.00227622,0,
0,0.00216558,0.00429701,0.00636067,0.00832402,0.0101561,0.011828,0.0133134,0.0145888,0.0156341,0.0164329,0.0169725,0.0172445,0.0172445,0.0169725,0.0164329,0.0156341,0.0145888,0.0133134,0.011828,0.0101561,0.00832402,0.00636067,0.00429701,0.00216558,0,
0,0.00202078,0.0040097,0.00593538,0.00776746,0.00947703,0.0110372,0.0124232,0.0136133,0.0145888,0.0153342,0.0158377,0.0160915,0.0160915,0.0158377,0.0153342,0.0145888,0.0136133,0.0124232,0.0110372,0.00947703,0.00776746,0.00593538,0.0040097,0.00202078,0,
0,0.00184412,0.00365915,0.00541648,0.00708839,0.00864851,0.0100722,0.0113371,0.0124232,0.0133134,0.0139936,0.0144531,0.0146847,0.0146847,0.0144531,0.0139936,0.0133134,0.0124232,0.0113371,0.0100722,0.00864851,0.00708839,0.00541648,0.00365915,0.00184412,0,
0,0.00163837,0.0032509,0.00481217,0.00629754,0.0076836,0.00894848,0.0100722,0.0110372,0.011828,0.0124323,0.0128406,0.0130463,0.0130463,0.0128406,0.0124323,0.011828,0.0110372,0.0100722,0.00894848,0.0076836,0.00629754,0.00481217,0.0032509,0.00163837,0,
0,0.00140678,0.00279138,0.00413196,0.00540737,0.00659751,0.0076836,0.00864851,0.00947703,0.0101561,0.010675,0.0110255,0.0112022,0.0112022,0.0110255,0.010675,0.0101561,0.00947703,0.00864851,0.0076836,0.00659751,0.00540737,0.00413196,0.00279138,0.00140678,0,
0,0.00115301,0.00228784,0.00338659,0.00443193,0.00540737,0.00629754,0.00708839,0.00776746,0.00832402,0.00874931,0.00903662,0.00918142,0.00918142,0.00903662,0.00874931,0.00832402,0.00776746,0.00708839,0.00629754,0.00540737,0.00443193,0.00338659,0.00228784,0.00115301,0,
0,0.000881056,0.00174822,0.00258781,0.00338659,0.00413196,0.00481217,0.00541648,0.00593538,0.00636067,0.00668565,0.00690519,0.00701584,0.00701584,0.00690519,0.00668565,0.00636067,0.00593538,0.00541648,0.00481217,0.00413196,0.00338659,0.00258781,0.00174822,0.000881056,0,
0,0.000595205,0.00118102,0.00174822,0.00228784,0.00279138,0.0032509,0.00365915,0.0040097,0.00429701,0.00451655,0.00466487,0.00473961,0.00473961,0.00466487,0.00451655,0.00429701,0.0040097,0.00365915,0.0032509,0.00279138,0.00228784,0.00174822,0.00118102,0.000595205,0,
0,0.000299968,0.000595205,0.000881056,0.00115301,0.00140678,0.00163837,0.00184412,0.00202078,0.00216558,0.00227622,0.00235097,0.00238864,0.00238864,0.00235097,0.00227622,0.00216558,0.00202078,0.00184412,0.00163837,0.00140678,0.00115301,0.000881056,0.000595205,0.000299968,0,
0,0,0,0,0,0,0,0,0,0,0,0,0,0,0,0,0,0,0,0,0,0,0,0,0,0
Time = 0.24
0,0,0,0,0,0,0,0,0,0,0,0,0,0,0,0,0,0,0,0,0,0,0,0,0,0,
0,0.000135914,0.000269684,0.000399201,0.000522423,0.000637406,0.000742336,0.00083556,0.000915606,0.000981212,0.00103134,0.00106521,0.00108228,0.00108228,0.00106521,0.00103134,0.000981212,0.000915606,0.00083556,0.000742336,0.000637406,0.000522423,0.000399201,0.000269684,0.000135914,0,
0,0.000269684,0.000535115,0.000792107,0.00103661,0.00126476,0.00147297,0.00165794,0.00181677,0.00194695,0.00204642,0.00211362,0.00214749,0.00214749,0.00211362,0.00204642,0.00194695,0.00181677,0.00165794,0.00147297,0.00126476,0.00103661,0.000792107,0.000535115,0.000269684,0,
0,0.000399201,0.000792107,0.00117252,0.00153444,0.00187217,0.00218036,0.00245418,0.00268929,0.00288198,0.00302923,0.0031287,0.00317884,0.00317884,0.0031287,0.00302923,0.00288198,0.00268929,0.00245418,0.00218036,0.00187217,0.00153444,0.00117252,0.000792107,0.000399201,0,
0,0.000522423,0.00103661,0.00153444,0.00200808,0.00245005,0.00285338,0.00321171,0.00351939,0.00377157,0.00396426,0.00409444,0.00416005,0.00416005,0.00409444,0.00396426,0.00377157,0.00351939,0.00321171,0.00285338,0.00245005,0.00200808,0.00153444,0.00103661,0.000522423,0,
0,0.000637406,0.00126476,0.00187217,0.00245005,0.00298929,0.00348139,0.00391859,0.00429399,0.00460167,0.00483678,0.00499561,0.00507565,0.00507565,0.00499561,0.00483678,0.00460167,0.00429399,0.00391859,0.00348139,0.00298929,0.00245005,0.00187217,0.00126476,0.000637406,0,
0,0.000742336,0.00147297,0.00218036,0.00285338,0.00348139,0.0040545,0.00456367,0.00500087,0.0053592,0.00563301,0.00581799,0.00591121,0.00591121,0.00581799,0.00563301,0.0053592,0.00500087,0.00456367,0.0040545,0.00348139,0.00285338,0.00218036,0.00147297,0.000742336,0,
0,0.00083556,0.00165794,0.00245418,0.00321171,0.00391859,0.00456367,0.00513678,0.00562888,0.00603221,0.00634041,0.00654862,0.00665355,0.00665355,0.00654862,0.00634041,0.00603221,0.00562888,0.00513678,0.00456367,0.00391859,0.00321171,0.00245418,0.00165794,0.00083556,0,
0,0.000915606,0.00181677,0.00268929,0.00351939,0.00429399,0.00500087,0.00562888,0.00616813,0.0066101,0.00694782,0.00717597,0.00729095,0.00729095,0.00717597,0.00694782,0.0066101,0.00616813,0.00562888,0.00500087,0.00429399,0.00351939,0.00268929,0.00181677,0.000915606,0,
0,0.000981212,0.00194695,0.00288198,0.00377157,0.00460167,0.0053592,0.00603221,0.0066101,0.00708373,0.00744566,0.00769016,0.00781338,0.00781338,0.00769016,0.00744566,0.00708373,0.0066101,0.00603221,0.0053592,0.00460167,0.00377157,0.00288198,0.00194695,0.000981212,0,
0,0.00103134,0.00204642,0.00302923,0.00396426,0.00483678,0.00563301,0.00634041,0.00694782,0.00744566,0.00782607,0.00808306,0.00821258,0.00821258,0.00808306,0.00782607,0.00744566,0.00694782,0.00634041,0.00563301,0.00483678,0.00396426,0.00302923,0.00204642,0.00103134,0,
0,0.00106521,0.00211362,0.0031287,0.00409444,0.00499561,0.00581799,0.00654862,0.00717597,0.00769016,0.00808306,0.00834849,0.00848226,0.00848226,0.00834849,0.00808306,0.00769016,0.00717597,0.00654862,0.00581799,0.00499561,0.00409444,0.0031287,0.00211362,0.00106521,0,
0,0.00108228,0.00214749,0.00317884,0.00416005,0.00507565,0.00591121,0.00665355,0.00729095,0.00781338,0.00821258,0.00848226,0.00861818,0.00861818,0.00848226,0.00821258,0.00781338,0.00729095,0.00665355,0.00591121,0.00507565,0.00416005,0.00317884,0.00214749,0.00108228,0,
0,0.00108228,0.00214749,0.00317884,0.00416005,0.00507565,0.00591121,0.00665355,0.00729095,0.00781338,0.00821258,0.00848226,0.00861818,0.00861818,0.00848226,0.00821258,0.00781338,0.00729095,0.00665355,0.00591121,0.00507565,0.00416005,0.00317884,0.00214749,0.00108228,0,
0,0.00106521,0.00211362,0.0031287,0.00409444,0.00499561,0.00581799,0.00654862,0.00717597,0.00769016,0.00808306,0.00834849,0.00848226,0.00848226,0.00834849,0.00808306,0.00769016,0.00717597,0.00654862,0.00581799,0.00499561,0.00409444,0.0031287,0.00211362,0.00106521,0,
0,0.00103134,0.00204642,0.00302923,0.00396426,0.00483678,0.00563301,0.00634041,0.00694782,0.00744566,0.00782607,0.00808306,0.00821258,0.00821258,0.00808306,0.00782607,0.00744566,0.00694782,0.00634041,0.00563301,0.00483678,0.00396426,0.00302923,0.00204642,0.00103134,0,
0,0.000981212,0.00194695,0.00288198,0.00377157,0.00460167,0.0053592,0.00603221,0.0066101,0.00708373,0.00744566,0.00769016,0.00781338,0.00781338,0.00769016,0.00744566,0.00708373,0.0066101,0.00603221,0.0053592,0.00460167,0.00377157,0.00288198,0.00194695,0.000981212,0,
0,0.000915606,0.00181677,0.00268929,0.00351939,0.00429399,0.00500087,0.00562888,0.00616813,0.0066101,0.00694782,0.00717597,0.00729095,0.00729095,0.00717597,0.00694782,0.0066101,0.00616813,0.00562888,0.00500087,0.00429399,0.00351939,0.00268929,0.00181677,0.000915606,0,
0,0.00083556,0.00165794,0.00245418,0.00321171,0.00391859,0.00456367,0.00513678,0.00562888,0.00603221,0.00634041,0.00654862,0.00665355,0.00665355,0.00654862,0.00634041,0.00603221,0.00562888,0.00513678,0.00456367,0.00391859,0.00321171,0.00245418,0.00165794,0.00083556,0,
0,0.000742336,0.00147297,0.00218036,0.00285338,0.00348139,0.0040545,0.00456367,0.00500087,0.0053592,0.00563301,0.00581799,0.00591121,0.00591121,0.00581799,0.00563301,0.0053592,0.00500087,0.00456367,0.0040545,0.00348139,0.00285338,0.00218036,0.00147297,0.000742336,0,
0,0.000637406,0.00126476,0.00187217,0.00245005,0.00298929,0.00348139,0.00391859,0.00429399,0.00460167,0.00483678,0.00499561,0.00507565,0.00507565,0.00499561,0.00483678,0.00460167,0.00429399,0.00391859,0.00348139,0.00298929,0.00245005,0.00187217,0.00126476,0.000637406,0,
0,0.000522423,0.00103661,0.00153444,0.00200808,0.00245005,0.00285338,0.00321171,0.00351939,0.00377157,0.00396426,0.00409444,0.00416005,0.00416005,0.00409444,0.00396426,0.00377157,0.00351939,0.00321171,0.00285338,0.00245005,0.00200808,0.00153444,0.00103661,0.000522423,0,
0,0.000399201,0.000792107,0.00117252,0.00153444,0.00187217,0.00218036,0.00245418,0.00268929,0.00288198,0.00302923,0.0031287,0.00317884,0.00317884,0.0031287,0.00302923,0.00288198,0.00268929,0.00245418,0.00218036,0.00187217,0.00153444,0.00117252,0.000792107,0.000399201,0,
0,0.000269684,0.000535115,0.000792107,0.00103661,0.00126476,0.00147297,0.00165794,0.00181677,0.00194695,0.00204642,0.00211362,0.00214749,0.00214749,0.00211362,0.00204642,0.00194695,0.00181677,0.00165794,0.00147297,0.00126476,0.00103661,0.000792107,0.000535115,0.000269684,0,
0,0.000135914,0.000269684,0.000399201,0.000522423,0.000637406,0.000742336,0.00083556,0.000915606,0.000981212,0.00103134,0.00106521,0.00108228,0.00108228,0.00106521,0.00103134,0.000981212,0.000915606,0.00083556,0.000742336,0.000637406,0.000522423,0.000399201,0.000269684,0.000135914,0,
0,0,0,0,0,0,0,0,0,0,0,0,0,0,0,0,0,0,0,0,0,0,0,0,0,0
Time = 0.28
0,0,0,0,0,0,0,0,0,0,0,0,0,0,0,0,0,0,0,0,0,0,0,0,0,0,
0,6.15818e-05,0.000122192,0.000180876,0.000236707,0.000288805,0.000336348,0.000378587,0.000414856,0.000444582,0.000467296,0.000482641,0.000490375,0.000490375,0.000482641,0.000467296,0.000444582,0.000414856,0.000378587,0.000336348,0.000288805,0.000236707,0.000180876,0.000122192,6.15818e-05,0,
0,0.000122192,0.000242458,0.000358899,0.000469681,0.000573055,0.000667392,0.000751204,0.000823169,0.000882152,0.000927223,0.000957671,0.000973016,0.000973016,0.000957671,0.000927223,0.000882152,0.000823169,0.000751204,0.000667392,0.000573055,0.000469681,0.000358899,0.000242458,0.000122192,0,
0,0.000180876,0.000358899,0.000531262,0.000695247,0.000848268,0.000987911,0.00111197,0.0012185,0.00130581,0.00137253,0.0014176,0.00144031,0.00144031,0.0014176,0.00137253,0.00130581,0.0012185,0.00111197,0.000987911,0.000848268,0.000695247,0.000531262,0.000358899,0.000180876,0,
0,0.000236707,0.000469681,0.000695247,0.00090985,0.0011101,0.00129285,0.00145521,0.00159461,0.00170887,0.00179618,0.00185517,0.00188489,0.00188489,0.00185517,0.00179618,0.00170887,0.00159461,0.00145521,0.00129285,0.0011101,0.00090985,0.000695247,0.000469681,0.000236707,0,
0,0.000288805,0.000573055,0.000848268,0.0011101,0.00135443,0.0015774,0.00177549,0.00194558,0.00208499,0.00219152,0.00226348,0.00229975,0.00229975,0.00226348,0.00219152,0.00208499,0.00194558,0.00177549,0.0015774,0.00135443,0.0011101,0.000848268,0.000573055,0.000288805,0,
0,0.000336348,0.000667392,0.000987911,0.00129285,0.0015774,0.00183707,0.00206777,0.00226587,0.00242822,0.00255229,0.0026361,0.00267834,0.00267834,0.0026361,0.00255229,0.00242822,0.00226587,0.00206777,0.00183707,0.0015774,0.00129285,0.000987911,0.000667392,0.000336348,0,
0,0.000378587,0.000751204,0.00111197,0.00145521,0.00177549,0.00206777,0.00232745,0.00255041,0.00273316,0.0028728,0.00296714,0.00301468,0.00301468,0.00296714,0.0028728,0.00273316,0.00255041,0.00232745,0.00206777,0.00177549,0.00145521,0.00111197,0.000751204,0.000378587,0,
0,0.000414856,0.000823169,0.0012185,0.00159461,0.00194558,0.00226587,0.00255041,0.00279474,0.002995,0.00314802,0.00325139,0.00330349,0.00330349,0.00325139,0.00314802,0.002995,0.00279474,0.00255041,0.00226587,0.00194558,0.00159461,0.0012185,0.000823169,0.000414856,0,
0,0.000444582,0.000882152,0.00130581,0.00170887,0.00208499,0.00242822,0.00273316,0.002995,0.0032096,0.00337358,0.00348437,0.0035402,0.0035402,0.00348437,0.00337358,0.0032096,0.002995,0.00273316,0.00242822,0.00208499,0.00170887,0.00130581,0.000882152,0.000444582,0,
0,0.000467296,0.000927223,0.00137253,0.00179618,0.00219152,0.00255229,0.0028728,0.00314802,0.00337358,0.00354595,0.00366239,0.00372107,0.00372107,0.00366239,0.00354595,0.00337358,0.00314802,0.0028728,0.00255229,0.00219152,0.00179618,0.00137253,0.000927223,0.000467296,0,
0,0.000482641,0.000957671,0.0014176,0.00185517,0.00226348,0.0026361,0.00296714,0.00325139,0.00348437,0.00366239,0.00378265,0.00384326,0.00384326,0.00378265,0.00366239,0.00348437,0.00325139,0.00296714,0.0026361,0.00226348,0.00185517,0.0014176,0.000957671,0.000482641,0,
0,0.000490375,0.000973016,0.00144031,0.00188489,0.00229975,0.00267834,0.00301468,0.00330349,0.0035402,0.00372107,0.00384326,0.00390485,0.00390485,0.00384326,0.00372107,0.0035402,0.00330349,0.00301468,0.00267834,0.00229975,0.00188489,0.00144031,0.000973016,0.000490375,0,
0,0.000490375,0.000973016,0.00144031,0.00188489,0.00229975,0.00267834,0.00301468,0.00330349,0.0035402,0.00372107,0.00384326,0.00390485,0.00390485,0.00384326,0.00372107,0.0035402,0.00330349,0.00301468,0.00267834,0.00229975,0.00188489,0.00144031,0.000973016,0.000490375,0,
0,0.000482641,0.000957671,0.0014176,0.00185517,0.00226348,0.0026361,0.00296714,0.00325139,0.00348437,0.00366239,0.00378265,0.00384326,0.00384326,0.00378265,0.00366239,0.00348437,0.00325139,0.00296714,0.0026361,0.00226348,0.00185517,0.0014176,0.000957671,0.000482641,0,
0,0.000467296,0.000927223,0.00137253,0.00179618,0.00219152,0.00255229,0.0028728,0.00314802,0.00337358,0.00354595,0.00366239,0.00372107,0.00372107,0.00366239,0.00354595,0.00337358,0.00314802,0.0028728,0.00255229,0.00219152,0.00179618,0.00137253,0.000927223,0.000467296,0,
0,0.000444582,0.000882152,0.00130581,0.00170887,0.00208499,0.00242822,0.00273316,0.002995,0.0032096,0.00337358,0.00348437,0.0035402,0.0035402,0.00348437,0.00337358,0.0032096,0.002995,0.00273316,0.00242822,0.00208499,0.00170887,0.00130581,0.000882152,0.000444582,0,
0,0.000414856,0.000823169,0.0012185,0.00159461,0.00194558,0.00226587,0.00255041,0.00279474,0.002995,0.00314802,0.00325139,0.00330349,0.00330349,0.00325139,0.00314802,0.002995,0.00279474,0.00255041,0.00226587,0.00194558,0.00159461,0.0012185,0.000823169,0.000414856,0,
0,0.000378587,0.000751204,0.00111197,0.00145521,0.00177549,0.00206777,0.00232745,0.00255041,0.00273316,0.0028728,0.00296714,0.00301468,0.00301468,0.00296714,0.0028728,0.00273316,0.00255041,0.00232745,0.00206777,0.00177549,0.00145521,0.00111197,0.000751204,0.000378587,0,
0,0.000336348,0.000667392,0.000987911,0.00129285,0.0015774,0.00183707,0.00206777,0.00226587,0.00242822,0.00255229,0.0026361,0.00267834,0.00267834,0.0026361,0.00255229,0.00242822,0.00226587,0.00206777,0.00183707,0.0015774,0.00129285,0.000987911,0.000667392,0.000336348,0,
0,0.000288805,0.000573055,0.000848268,0.0011101,0.00135443,0.0015774,0.00177549,0.00194558,0.00208499,0.00219152,0.00226348,0.00229975,0.00229975,0.00226348,0.00219152,0.00208499,0.00194558,0.00177549,0.0015774,0.00135443,0.0011101,0.000848268,0.000573055,0.000288805,0,
0,0.000236707,0.000469681,0.000695247,0.00090985,0.0011101,0.00129285,0.00145521,0.00159461,0.00170887,0.00179618,0.00185517,0.00188489,0.00188489,0.00185517,0.00179618,0.00170887,0.00159461,0.00145521,0.00129285,0.0011101,0.00090985,0.000695247,0.000469681,0.000236707,0,
0,0.000180876,0.000358899,0.000531262,0.000695247,0.000848268,0.000987911,0.00111197,0.0012185,0.00130581,0.00137253,0.0014176,0.00144031,0.00144031,0.0014176,0.00137253,0.00130581,0.0012185,0.00111197,0.000987911,0.000848268,0.000695247,0.000531262,0.000358899,0.000180876,0,
0,0.000122192,0.000242458,0.000358899,0.000469681,0.000573055,0.000667392,0.000751204,0.000823169,0.000882152,0.000927223,0.000957671,0.000973016,0.000973016,0.000957671,0.000927223,0.000882152,0.000823169,0.000751204,0.000667392,0.000573055,0.000469681,0.000358899,0.000242458,0.000122192,0,
0,6.15818e-05,0.000122192,0.000180876,0.000236707,0.000288805,0.000336348,0.000378587,0.000414856,0.000444582,0.000467296,0.000482641,0.000490375,0.000490375,0.000482641,0.000467296,0.000444582,0.000414856,0.000378587,0.000336348,0.000288805,0.000236707,0.000180876,0.000122192,6.15818e-05,0,
0,0,0,0,0,0,0,0,0,0,0,0,0,0,0,0,0,0,0,0,0,0,0,0,0,0
Time = 0.32
0,0,0,0,0,0,0,0,0,0,0,0,0,0,0,0,0,0,0,0,0,0,0,0,0,0,
0,2.79023e-05,5.53646e-05,8.19538e-05,0.000107251,0.000130856,0.000152397,0.000171536,0.000187969,0.000201437,0.000211729,0.000218682,0.000222186,0.000222186,0.000218682,0.000211729,0.000201437,0.000187969,0.000171536,0.000152397,0.000130856,0.000107251,8.19538e-05,5.53646e-05,2.79023e-05,0,
0,5.53646e-05,0.000109856,0.000162615,0.00021281,0.000259648,0.000302391,0.000340366,0.000372973,0.000399698,0.000420119,0.000433915,0.000440868,0.000440868,0.000433915,0.000420119,0.000399698,0.000372973,0.000340366,0.000302391,0.000259648,0.00021281,0.000162615,0.000109856,5.53646e-05,0,
0,8.19538e-05,0.000162615,0.000240712,0.000315013,0.000384345,0.000447617,0.000503829,0.000552095,0.000591655,0.000621884,0.000642305,0.000652597,0.000652597,0.000642305,0.000621884,0.000591655,0.000552095,0.000503829,0.000447617,0.000384345,0.000315013,0.000240712,0.000162615,8.19538e-05,0,
0,0.000107251,0.00021281,0.000315013,0.000412248,0.000502981,0.000585783,0.000659346,0.000722511,0.000774281,0.000813841,0.000840566,0.000854034,0.000854034,0.000840566,0.000813841,0.000774281,0.000722511,0.000659346,0.000585783,0.000502981,0.000412248,0.000315013,0.00021281,0.000107251,0,
0,0.000130856,0.000259648,0.000384345,0.000502981,0.000613685,0.00071471,0.000804465,0.000881532,0.000944697,0.000992963,0.00102557,0.001042,0.001042,0.00102557,0.000992963,0.000944697,0.000881532,0.000804465,0.00071471,0.000613685,0.000502981,0.000384345,0.000259648,0.000130856,0,
0,0.000152397,0.000302391,0.000447617,0.000585783,0.00071471,0.000832367,0.000936896,0.00102665,0.00110021,0.00115643,0.0011944,0.00121354,0.00121354,0.0011944,0.00115643,0.00110021,0.00102665,0.000936896,0.000832367,0.00071471,0.000585783,0.000447617,0.000302391,0.000152397,0,
0,0.000171536,0.000340366,0.000503829,0.000659346,0.000804465,0.000936896,0.00105455,0.00115558,0.00123838,0.00130165,0.00134439,0.00136594,0.00136594,0.00134439,0.00130165,0.00123838,0.00115558,0.00105455,0.000936896,0.000804465,0.000659346,0.000503829,0.000340366,0.000171536,0,
0,0.000187969,0.000372973,0.000552095,0.000722511,0.000881532,0.00102665,0.00115558,0.00126628,0.00135702,0.00142635,0.00147319,0.00149679,0.00149679,0.00147319,0.00142635,0.00135702,0.00126628,0.00115558,0.00102665,0.000881532,0.000722511,0.000552095,0.000372973,0.000187969,0,
0,0.000201437,0.000399698,0.000591655,0.000774281,0.000944697,0.00110021,0.00123838,0.00135702,0.00145425,0.00152855,0.00157875,0.00160404,0.00160404,0.00157875,0.00152855,0.00145425,0.00135702,0.00123838,0.00110021,0.000944697,0.000774281,0.000591655,0.000399698,0.000201437,0,
0,0.000211729,0.000420119,0.000621884,0.000813841,0.000992963,0.00115643,0.00130165,0.00142635,0.00152855,0.00160665,0.00165941,0.001686,0.001686,0.00165941,0.00160665,0.00152855,0.00142635,0.00130165,0.00115643,0.000992963,0.000813841,0.000621884,0.000420119,0.000211729,0,
0,0.000218682,0.000433915,0.000642305,0.000840566,0.00102557,0.0011944,0.00134439,0.00147319,0.00157875,0.00165941,0.0017139,0.00174136,0.00174136,0.0017139,0.00165941,0.00157875,0.00147319,0.00134439,0.0011944,0.00102557,0.000840566,0.000642305,0.000433915,0.000218682,0,
0,0.000222186,0.000440868,0.000652597,0.000854034,0.001042,0.00121354,0.00136594,0.00149679,0.00160404,0.001686,0.00174136,0.00176926,0.00176926,0.00174136,0.001686,0.00160404,0.00149679,0.00136594,0.00121354,0.001042,0.000854034,0.000652597,0.000440868,0.000222186,0,
0,0.000222186,0.000440868,0.000652597,0.000854034,0.001042,0.00121354,0.00136594,0.00149679,0.00160404,0.001686,0.00174136,0.00176926,0.00176926,0.00174136,0.001686,0.00160404,0.00149679,0.00136594,0.00121354,0.001042,0.000854034,0.000652597,0.000440868,0.000222186,0,
0,0.000218682,0.000433915,0.000642305,0.000840566,0.00102557,0.0011944,0.00134439,0.00147319,0.00157875,0.00165941,0.0017139,0.00174136,0.00174136,0.0017139,0.00165941,0.00157875,0.00147319,0.00134439,0.0011944,0.00102557,0.000840566,0.000642305,0.000433915,0.000218682,0,
0,0.000211729,0.000420119,0.000621884,0.000813841,0.000992963,0.00115643,0.00130165,0.00142635,0.00152855,0.00160665,0.00165941,0.001686,0.001686,0.00165941,0.00160665,0.00152855,0.00142635,0.00130165,0.00115643,0.000992963,0.000813841,0.000621884,0.000420119,0.000211729,0,
0,0.000201437,0.000399698,0.000591655,0.000774281,0.000944697,0.00110021,0.00123838,0.00135702,0.00145425,0.00152855,0.00157875,0.00160404,0.00160404,0.00157875,0.00152855,0.00145425,0.00135702,0.00123838,0.00110021,0.000944697,0.000774281,0.000591655,0.000399698,0.000201437,0,
0,0.000187969,0.000372973,0.000552095,0.000722511,0.000881532,0.00102665,0.00115558,0.00126628,0.00135702,0.00142635,0.00147319,0.00149679,0.00149679,0.00147319,0.00142635,0.00135702,0.00126628,0.00115558,0.00102665,0.000881532,0.000722511,0.000552095,0.000372973,0.000187969,0,
0,0.000171536,0.000340366,0.000503829,0.000659346,0.000804465,0.000936896,0.00105455,0.00115558,0.00123838,0.00130165,0.00134439,0.00136594,0.00136594,0.00134439,0.00130165,0.00123838,0.00115558,0.00105455,0.000936896,0.000804465,0.000659346,0.000503829,0.000340366,0.000171536,0,
0,0.000152397,0.000302391,0.000447617,0.000585783,0.00071471,0.000832367,0.000936896,0.00102665,0.00110021,0.00115643,0.0011944,0.00121354,0.00121354,0.0011944,0.00115643,0.00110021,0.00102665,0.000936896,0.000832367,0.00071471,0.000585783,0.000447617,0.000302391,0.000152397,0,
0,0.000130856,0.000259648,0.000384345,0.000502981,0.000613685,0.00071471,0.000804465,0.000881532,0.000944697,0.000992963,0.00102557,0.001042,0.001042,0.00102557,0.000992963,0.000944697,0.000881532,0.000804465,0.00071471,0.000613685,0.000502981,0.000384345,0.000259648,0.000130856,0,
0,0.000107251,0.00021281,0.000315013,0.000412248,0.000502981,0.000585783,0.000659346,0.000722511,0.000774281,0.000813841,0.000840566,0.000854034,0.000854034,0.000840566,0.000813841,0.000774281,0.000722511,0.000659346,0.000585783,0.000502981,0.000412248,0.000315013,0.00021281,0.000107251,0,
0,8.19538e-05,0.000162615,0.000240712,0.000315013,0.000384345,0.000447617,0.000503829,0.000552095,0.000591655,0.000621884,0.000642305,0.000652597,0.000652597,0.000642305,0.000621884,0.000591655,0.000552095,0.000503829,0.000447617,0.000384345,0.000315013,0.000240712,0.000162615,8.19538e-05,0,
0,5.53646e-05,0.000109856,0.000162615,0.00021281,0.000259648,0.000302391,0.000340366,0.000372973,0.000399698,0.000420119,0.000433915,0.000440868,0.000440868,0.000433915,0.000420119,0.000399698,0.000372973,0.000340366,0.000302391,0.000259648,0.00021281,0.000162615,0.000109856,5.53646e-05,0,
0,2.79023e-05,5.53646e-05,8.19538e-05,0.000107251,0.000130856,0.000152397,0.000171536,0.000187969,0.000201437,0.000211729,0.000218682,0.000222186,0.000222186,0.000218682,0.000211729,0.000201437,0.000187969,0.000171536,0.000152397,0.000130856,0.000107251,8.19538e-05,5.53646e-05,2.79023e-05,0,
0,0,0,0,0,0,0,0,0,0,0,0,0,0,0,0,0,0,0,0,0,0,0,0,0,0
Time = 0.36
0,0,0,0,0,0,0,0,0,0,0,0,0,0,0,0,0,0,0,0,0,0,0,0,0,0,
0,1.26424e-05,2.50854e-05,3.71328e-05,4.85946e-05,5.929e-05,6.90504e-05,7.77218e-05,8.51675e-05,9.12701e-05,9.59333e-05,9.90835e-05,0.000100671,0.000100671,9.90835e-05,9.59333e-05,9.12701e-05,8.51675e-05,7.77218e-05,6.90504e-05,5.929e-05,4.85946e-05,3.71328e-05,2.50854e-05,1.26424e-05,0,
0,2.50854e-05,4.97752e-05,7.368e-05,9.64228e-05,0.000117645,0.000137012,0.000154218,0.000168992,0.000181101,0.000190354,0.000196604,0.000199755,0.000199755,0.000196604,0.000190354,0.000181101,0.000168992,0.000154218,0.000137012,0.000117645,9.64228e-05,7.368e-05,4.97752e-05,2.50854e-05,0,
0,3.71328e-05,7.368e-05,0.000109065,0.00014273,0.000174145,0.000202813,0.000228282,0.000250151,0.000268075,0.000281772,0.000291025,0.000295688,0.000295688,0.000291025,0.000281772,0.000268075,0.000250151,0.000228282,0.000202813,0.000174145,0.00014273,0.000109065,7.368e-05,3.71328e-05,0,
0,4.85946e-05,9.64228e-05,0.00014273,0.000186787,0.000227898,0.000265415,0.000298746,0.000327365,0.000350822,0.000368747,0.000380855,0.000386958,0.000386958,0.000380855,0.000368747,0.000350822,0.000327365,0.000298746,0.000265415,0.000227898,0.000186787,0.00014273,9.64228e-05,4.85946e-05,0,
0,5.929e-05,0.000117645,0.000174145,0.000227898,0.000278057,0.000323831,0.000364498,0.000399417,0.000428037,0.000449906,0.00046468,0.000472126,0.000472126,0.00046468,0.000449906,0.000428037,0.000399417,0.000364498,0.000323831,0.000278057,0.000227898,0.000174145,0.000117645,5.929e-05,0,
0,6.90504e-05,0.000137012,0.000202813,0.000265415,0.000323831,0.000377141,0.000424502,0.000465169,0.0004985,0.00052397,0.000541176,0.000549847,0.000549847,0.000541176,0.00052397,0.0004985,0.000465169,0.000424502,0.000377141,0.000323831,0.000265415,0.000202813,0.000137012,6.90504e-05,0,
0,7.77218e-05,0.000154218,0.000228282,0.000298746,0.000364498,0.000424502,0.000477812,0.000523586,0.000561103,0.000589771,0.000609137,0.000618898,0.000618898,0.000609137,0.000589771,0.000561103,0.000523586,0.000477812,0.000424502,0.000364498,0.000298746,0.000228282,0.000154218,7.77218e-05,0,
0,8.51675e-05,0.000168992,0.000250151,0.000327365,0.000399417,0.000465169,0.000523586,0.000573745,0.000614856,0.00064627,0.000667492,0.000678188,0.000678188,0.000667492,0.00064627,0.000614856,0.000573745,0.000523586,0.000465169,0.000399417,0.000327365,0.000250151,0.000168992,8.51675e-05,0,
0,9.12701e-05,0.000181101,0.000268075,0.000350822,0.000428037,0.0004985,0.000561103,0.000614856,0.000658913,0.000692578,0.000715321,0.000726782,0.000726782,0.000715321,0.000692578,0.000658913,0.000614856,0.000561103,0.0004985,0.000428037,0.000350822,0.000268075,0.000181101,9.12701e-05,0,
0,9.59333e-05,0.000190354,0.000281772,0.000368747,0.000449906,0.00052397,0.000589771,0.00064627,0.000692578,0.000727963,0.000751868,0.000763915,0.000763915,0.000751868,0.000727963,0.000692578,0.00064627,0.000589771,0.00052397,0.000449906,0.000368747,0.000281772,0.000190354,9.59333e-05,0,
0,9.90835e-05,0.000196604,0.000291025,0.000380855,0.00046468,0.000541176,0.000609137,0.000667492,0.000715321,0.000751868,0.000776558,0.000789001,0.000789001,0.000776558,0.000751868,0.000715321,0.000667492,0.000609137,0.000541176,0.00046468,0.000380855,0.000291025,0.000196604,9.90835e-05,0,
0,0.000100671,0.000199755,0.000295688,0.000386958,0.000472126,0.000549847,0.000618898,0.000678188,0.000726782,0.000763915,0.000789001,0.000801643,0.000801643,0.000789001,0.000763915,0.000726782,0.000678188,0.000618898,0.000549847,0.000472126,0.000386958,0.000295688,0.000199755,0.000100671,0,
0,0.000100671,0.000199755,0.000295688,0.000386958,0.000472126,0.000549847,0.000618898,0.000678188,0.000726782,0.000763915,0.000789001,0.000801643,0.000801643,0.000789001,0.000763915,0.000726782,0.000678188,0.000618898,0.000549847,0.000472126,0.000386958,0.000295688,0.000199755,0.000100671,0,
0,9.90835e-05,0.000196604,0.000291025,0.000380855,0.00046468,0.000541176,0.000609137,0.000667492,0.000715321,0.000751868,0.000776558,0.000789001,0.000789001,0.000776558,0.000751868,0.000715321,0.000667492,0.000609137,0.000541176,0.00046468,0.000380855,0.000291025,0.000196604,9.90835e-05,0,
0,9.59333e-05,0.000190354,0.000281772,0.000368747,0.000449906,0.00052397,0.000589771,0.00064627,0.000692578,0.000727963,0.000751868,0.000763915,0.000763915,0.000751868,0.000727963,0.000692578,0.00064627,0.000589771,0.00052397,0.000449906,0.000368747,0.000281772,0.000190354,9.59333e-05,0,
0,9.12701e-05,0.000181101,0.000268075,0.000350822,0.000428037,0.0004985,0.000561103,0.000614856,0.000658913,0.000692578,0.000715321,0.000726782,0.000726782,0.000715321,0.000692578,0.000658913,0.000614856,0.000561103,0.0004985,0.000428037,0.000350822,0.000268075,0.000181101,9.12701e-05,0,
0,8.51675e-05,0.000168992,0.000250151,0.000327365,0.000399417,0.000465169,0.000523586,0.000573745,0.000614856,0.00064627,0.000667492,0.000678188,0.000678188,0.000667492,0.00064627,0.000614856,0.000573745,0.000523586,0.000465169,0.000399417,0.000327365,0.000250151,0.000168992,8.51675e-05,0,
0,7.77218e-05,0.000154218,0.000228282,0.000298746,0.000364498,0.000424502,0.000477812,0.000523586,0.000561103,0.000589771,0.000609137,0.000618898,0.000618898,0.000609137,0.000589771,0.000561103,0.000523586,0.000477812,0.000424502,0.000364498,0.000298746,0.000228282,0.000154218,7.77218e-05,0,
0,6.90504e-05,0.000137012,0.000202813,0.000265415,0.000323831,0.000377141,0.000424502,0.000465169,0.0004985,0.00052397,0.000541176,0.000549847,0.000549847,0.000541176,0.00052397,0.0004985,0.000465169,0.000424502,0.000377141,0.000323831,0.000265415,0.000202813,0.000137012,6.90504e-05,0,
0,5.929e-05,0.000117645,0.000174145,0.000227898,0.000278057,0.000323831,0.000364498,0.000399417,0.000428037,0.000449906,0.00046468,0.000472126,0.000472126,0.00046468,0.000449906,0.000428037,0.000399417,0.000364498,0.000323831,0.000278057,0.000227898,0.000174145,0.000117645,5.929e-05,0,
0,4.85946e-05,9.64228e-05,0.00014273,0.000186787,0.000227898,0.000265415,0.000298746,0.000327365,0.000350822,0.000368747,0.000380855,0.000386958,0.000386958,0.000380855,0.000368747,0.000350822,0.000327365,0.000298746,0.000265415,0.000227898,0.000186787,0.00014273,9.64228e-05,4.85946e-05,0,
0,3.71328e-05,7.368e-05,0.000109065,0.00014273,0.000174145,0.000202813,0.000228282,0.000250151,0.000268075,0.000281772,0.000291025,0.000295688,0.000295688,0.000291025,0.000281772,0.000268075,0.000250151,0.000228282,0.000202813,0.000174145,0.00014273,0.000109065,7.368e-05,3.71328e-05,0,
0,2.50854e-05,4.97752e-05,7.368e-05,9.64228e-05,0.000117645,0.000137012,0.000154218,0.000168992,0.000181101,0.000190354,0.000196604,0.000199755,0.000199755,0.000196604,0.000190354,0.000181101,0.000168992,0.000154218,0.000137012,0.000117645,9.64228e-05,7.368e-05,4.97752e-05,2.50854e-05,0,
0,1.26424e-05,2.50854e-05,3.71328e-05,4.85946e-05,5.929e-05,6.90504e-05,7.77218e-05,8.51675e-05,9.12701e-05,9.59333e-05,9.90835e-05,0.000100671,0.000100671,9.90835e-05,9.59333e-05,9.12701e-05,8.51675e-05,7.77218e-05,6.90504e-05,5.929e-05,4.85946e-05,3.71328e-05,2.50854e-05,1.26424e-05,0,
0,0,0,0,0,0,0,0,0,0,0,0,0,0,0,0,0,0,0,0,0,0,0,0,0,0
Time = 0.4
0,0,0,0,0,0,0,0,0,0,0,0,0,0,0,0,0,0,0,0,0,0,0,0,0,0,
0,5.72819e-06,1.1366e-05,1.68247e-05,2.20179e-05,2.6864e-05,3.12863e-05,3.52153e-05,3.85889e-05,4.13539e-05,4.34668e-05,4.48942e-05,4.56135e-05,4.56135e-05,4.48942e-05,4.34668e-05,4.13539e-05,3.85889e-05,3.52153e-05,3.12863e-05,2.6864e-05,2.20179e-05,1.68247e-05,1.1366e-05,5.72819e-06,0,
0,1.1366e-05,2.25528e-05,3.3384e-05,4.36886e-05,5.33043e-05,6.20793e-05,6.98752e-05,7.65693e-05,8.20557e-05,8.62481e-05,8.90803e-05,9.05077e-05,9.05077e-05,8.90803e-05,8.62481e-05,8.20557e-05,7.65693e-05,6.98752e-05,6.20793e-05,5.33043e-05,4.36886e-05,3.3384e-05,2.25528e-05,1.1366e-05,0,
0,1.68247e-05,3.3384e-05,4.94168e-05,6.46703e-05,7.89039e-05,9.18932e-05,0.000103433,0.000113342,0.000121463,0.000127669,0.000131862,0.000133974,0.000133974,0.000131862,0.000127669,0.000121463,0.000113342,0.000103433,9.18932e-05,7.89039e-05,6.46703e-05,4.94168e-05,3.3384e-05,1.68247e-05,0,
0,2.20179e-05,4.36886e-05,6.46703e-05,8.46321e-05,0.000103259,0.000120258,0.00013536,0.000148327,0.000158956,0.000167077,0.000172563,0.000175328,0.000175328,0.000172563,0.000167077,0.000158956,0.000148327,0.00013536,0.000120258,0.000103259,8.46321e-05,6.46703e-05,4.36886e-05,2.20179e-05,0,
0,2.6864e-05,5.33043e-05,7.89039e-05,0.000103259,0.000125986,0.000146726,0.000165152,0.000180973,0.000193941,0.00020385,0.000210544,0.000213917,0.000213917,0.000210544,0.00020385,0.000193941,0.000180973,0.000165152,0.000146726,0.000125986,0.000103259,7.89039e-05,5.33043e-05,2.6864e-05,0,
0,3.12863e-05,6.20793e-05,9.18932e-05,0.000120258,0.000146726,0.00017088,0.00019234,0.000210766,0.000225868,0.000237408,0.000245204,0.000249133,0.000249133,0.000245204,0.000237408,0.000225868,0.000210766,0.00019234,0.00017088,0.000146726,0.000120258,9.18932e-05,6.20793e-05,3.12863e-05,0,
0,3.52153e-05,6.98752e-05,0.000103433,0.00013536,0.000165152,0.00019234,0.000216494,0.000237234,0.000254232,0.000267222,0.000275997,0.000280419,0.000280419,0.000275997,0.000267222,0.000254232,0.000237234,0.000216494,0.00019234,0.000165152,0.00013536,0.000103433,6.98752e-05,3.52153e-05,0,
0,3.85889e-05,7.65693e-05,0.000113342,0.000148327,0.000180973,0.000210766,0.000237234,0.000259961,0.000278588,0.000292821,0.000302437,0.000307283,0.000307283,0.000302437,0.000292821,0.000278588,0.000259961,0.000237234,0.000210766,0.000180973,0.000148327,0.000113342,7.65693e-05,3.85889e-05,0,
0,4.13539e-05,8.20557e-05,0.000121463,0.000158956,0.000193941,0.000225868,0.000254232,0.000278588,0.000298549,0.000313803,0.000324108,0.000329301,0.000329301,0.000324108,0.000313803,0.000298549,0.000278588,0.000254232,0.000225868,0.000193941,0.000158956,0.000121463,8.20557e-05,4.13539e-05,0,
0,4.34668e-05,8.62481e-05,0.000127669,0.000167077,0.00020385,0.000237408,0.000267222,0.000292821,0.000313803,0.000329836,0.000340667,0.000346126,0.000346126,0.000340667,0.000329836,0.000313803,0.000292821,0.000267222,0.000237408,0.00020385,0.000167077,0.000127669,8.62481e-05,4.34668e-05,0,
0,4.48942e-05,8.90803e-05,0.000131862,0.000172563,0.000210544,0.000245204,0.000275997,0.000302437,0.000324108,0.000340667,0.000351854,0.000357492,0.000357492,0.000351854,0.000340667,0.000324108,0.000302437,0.000275997,0.000245204,0.000210544,0.000172563,0.000131862,8.90803e-05,4.48942e-05,0,
0,4.56135e-05,9.05077e-05,0.000133974,0.000175328,0.000213917,0.000249133,0.000280419,0.000307283,0.000329301,0.000346126,0.000357492,0.00036322,0.00036322,0.000357492,0.000346126,0.000329301,0.000307283,0.000280419,0.000249133,0.000213917,0.000175328,0.000133974,9.05077e-05,4.56135e-05,0,
0,4.56135e-05,9.05077e-05,0.000133974,0.000175328,0.000213917,0.000249133,0.000280419,0.000307283,0.000329301,0.000346126,0.000357492,0.00036322,0.00036322,0.000357492,0.000346126,0.000329301,0.000307283,0.000280419,0.000249133,0.000213917,0.000175328,0.000133974,9.05077e-05,4.56135e-05,0,
0,4.48942e-05,8.90803e-05,0.000131862,0.000172563,0.000210544,0.000245204,0.000275997,0.000302437,0.000324108,0.000340667,0.000351854,0.000357492,0.000357492,0.000351854,0.000340667,0.000324108,0.000302437,0.000275997,0.000245204,0.000210544,0.000172563,0.000131862,8.90803e-05,4.48942e-05,0,
0,4.34668e-05,8.62481e-05,0.000127669,0.000167077,0.00020385,0.000237408,0.000267222,0.000292821,0.000313803,0.000329836,0.000340667,0.000346126,0.000346126,0.000340667,0.000329836,0.000313803,0.000292821,0.000267222,0.000237408,0.00020385,0.000167077,0.000127669,8.62481e-05,4.34668e-05,0,
0,4.13539e-05,8.20557e-05,0.000121463,0.000158956,0.000193941,0.000225868,0.000254232,0.000278588,0.000298549,0.000313803,0.000324108,0.000329301,0.000329301,0.000324108,0.000313803,0.000298549,0.000278588,0.000254232,0.000225868,0.000193941,0.000158956,0.000121463,8.20557e-05,4.13539e-05,0,
0,3.85889e-05,7.65693e-05,0.000113342,0.000148327,0.000180973,0.000210766,0.000237234,0.000259961,0.000278588,0.000292821,0.000302437,0.000307283,0.000307283,0.000302437,0.000292821,0.000278588,0.000259961,0.000237234,0.000210766,0.000180973,0.000148327,0.000113342,7.65693e-05,3.85889e-05,0,
0,3.52153e-05,6.98752e-05,0.000103433,0.00013536,0.000165152,0.00019234,0.000216494,0.000237234,0.000254232,0.000267222,0.000275997,0.000280419,0.000280419,0.000275997,0.000267222,0.000254232,0.000237234,0.000216494,0.00019234,0.000165152,0.00013536,0.000103433,6.98752e-05,3.52153e-05,0,
0,3.12863e-05,6.20793e-05,9.18932e-05,0.000120258,0.000146726,0.00017088,0.00019234,0.000210766,0.000225868,0.000237408,0.000245204,0.000249133,0.000249133,0.000245204,0.000237408,0.000225868,0.000210766,0.00019234,0.00017088,0.000146726,0.000120258,9.18932e-05,6.20793e-05,3.12863e-05,0,
0,2.6864e-05,5.33043e-05,7.89039e-05,0.000103259,0.000125986,0.000146726,0.000165152,0.000180973,0.000193941,0.00020385,0.000210544,0.000213917,0.000213917,0.000210544,0.00020385,0.000193941,0.000180973,0.000165152,0.000146726,0.000125986,0.000103259,7.89039e-05,5.33043e-05,2.6864e-05,0,
0,2.20179e-05,4.36886e-05,6.46703e-05,8.46321e-05,0.000103259,0.000120258,0.00013536,0.000148327,0.000158956,0.000167077,0.000172563,0.000175328,0.000175328,0.000172563,0.000167077,0.000158956,0.000148327,0.00013536,0.000120258,0.000103259,8.46321e-05,6.46703e-05,4.36886e-05,2.20179e-05,0,
0,1.68247e-05,3.3384e-05,4.94168e-05,6.46703e-05,7.89039e-05,9.18932e-05,0.000103433,0.000113342,0.000121463,0.000127669,0.000131862,0.000133974,0.000133974,0.000131862,0.000127669,0.000121463,0.000113342,0.000103433,9.18932e-05,7.89039e-05,6.46703e-05,4.94168e-05,3.3384e-05,1.68247e-05,0,
0,1.1366e-05,2.25528e-05,3.3384e-05,4.36886e-05,5.33043e-05,6.20793e-05,6.98752e-05,7.65693e-05,8.20557e-05,8.62481e-05,8.90803e-05,9.05077e-05,9.05077e-05,8.90803e-05,8.62481e-05,8.20557e-05,7.65693e-05,6.98752e-05,6.20793e-05,5.33043e-05,4.36886e-05,3.3384e-05,2.25528e-05,1.1366e-05,0,
0,5.72819e-06,1.1366e-05,1.68247e-05,2.20179e-05,2.6864e-05,3.12863e-05,3.52153e-05,3.85889e-05,4.13539e-05,4.34668e-05,4.48942e-05,4.56135e-05,4.56135e-05,4.48942e-05,4.34668e-05,4.13539e-05,3.85889e-05,3.52153e-05,3.12863e-05,2.6864e-05,2.20179e-05,1.68247e-05,1.1366e-05,5.72819e-06,0,
0,0,0,0,0,0,0,0,0,0,0,0,0,0,0,0,0,0,0,0,0,0,0,0,0,0
