Time = 0.0015
0,0,0,0,0,0,0,0,0,0,0,
0,0.0926873,0.176302,0.242658,0.285262,0.299942,0.285262,0.242658,0.176302,0.0926873,0,
0,0.176302,0.335346,0.461564,0.542601,0.570524,0.542601,0.461564,0.335346,0.176302,0,
0,0.242658,0.461564,0.635288,0.746826,0.785259,0.746826,0.635288,0.461564,0.242658,0,
0,0.285262,0.542601,0.746826,0.877947,0.923128,0.877947,0.746826,0.542601,0.285262,0,
0,0.299942,0.570524,0.785259,0.923128,0.970634,0.923128,0.785259,0.570524,0.299942,0,
0,0.285262,0.542601,0.746826,0.877947,0.923128,0.877947,0.746826,0.542601,0.285262,0,
0,0.242658,0.461564,0.635288,0.746826,0.785259,0.746826,0.635288,0.461564,0.242658,0,
0,0.176302,0.335346,0.461564,0.542601,0.570524,0.542601,0.461564,0.335346,0.176302,0,
0,0.0926873,0.176302,0.242658,0.285262,0.299942,0.285262,0.242658,0.176302,0.0926873,0,
0,0,0,0,0,0,0,0,0,0,0
Time = 0.015
0,0,0,0,0,0,0,0,0,0,0,
0,0.0708793,0.13482,0.185564,0.218144,0.22937,0.218144,0.185564,0.13482,0.0708793,0,
0,0.13482,0.256444,0.352964,0.414935,0.436288,0.414935,0.352964,0.256444,0.13482,0,
0,0.185564,0.352964,0.485814,0.571108,0.600499,0.571108,0.485814,0.352964,0.185564,0,
0,0.218144,0.414935,0.571108,0.671378,0.705929,0.671378,0.571108,0.414935,0.218144,0,
0,0.22937,0.436288,0.600499,0.705929,0.742258,0.705929,0.600499,0.436288,0.22937,0,
0,0.218144,0.414935,0.571108,0.671378,0.705929,0.671378,0.571108,0.414935,0.218144,0,
0,0.185564,0.352964,0.485814,0.571108,0.600499,0.571108,0.485814,0.352964,0.185564,0,
0,0.13482,0.256444,0.352964,0.414935,0.436288,0.414935,0.352964,0.256444,0.13482,0,
0,0.0708793,0.13482,0.185564,0.218144,0.22937,0.218144,0.185564,0.13482,0.0708793,0,
0,0,0,0,0,0,0,0,0,0,0
Time = 0.03
0,0,0,0,0,0,0,0,0,0,0,
0,0.0526107,0.100071,0.137737,0.161919,0.170252,0.161919,0.137737,0.100071,0.0526107,0,
0,0.100071,0.190347,0.26199,0.307988,0.323838,0.307988,0.26199,0.190347,0.100071,0,
0,0.137737,0.26199,0.360599,0.42391,0.445725,0.42391,0.360599,0.26199,0.137737,0,
0,0.161919,0.307988,0.42391,0.498336,0.523981,0.498336,0.42391,0.307988,0.161919,0,
0,0.170252,0.323838,0.445725,0.523981,0.550946,0.523981,0.445725,0.323838,0.170252,0,
0,0.161919,0.307988,0.42391,0.498336,0.523981,0.498336,0.42391,0.307988,0.161919,0,
0,0.137737,0.26199,0.360599,0.42391,0.445725,0.42391,0.360599,0.26199,0.137737,0,
0,0.100071,0.190347,0.26199,0.307988,0.323838,0.307988,0.26199,0.190347,0.100071,0,
0,0.0526107,0.100071,0.137737,0.161919,0.170252,0.161919,0.137737,0.100071,0.0526107,0,
0,0,0,0,0,0,0,0,0,0,0
Time = 0.045
0,0,0,0,0,0,0,0,0,0,0,
0,0.0390507,0.0742788,0.102236,0.120186,0.126371,0.120186,0.102236,0.0742788,0.0390507,0,
0,0.0742788,0.141287,0.194464,0.228607,0.240371,0.228607,0.194464,0.141287,0.0742788,0,
0,0.102236,0.194464,0.267657,0.31465,0.330843,0.31465,0.267657,0.194464,0.102236,0,
0,0.120186,0.228607,0.31465,0.369893,0.388929,0.369893,0.31465,0.228607,0.120186,0,
0,0.126371,0.240371,0.330843,0.388929,0.408944,0.388929,0.330843,0.240371,0.126371,0,
0,0.120186,0.228607,0.31465,0.369893,0.388929,0.369893,0.31465,0.228607,0.120186,0,
0,0.102236,0.194464,0.267657,0.31465,0.330843,0.31465,0.267657,0.194464,0.102236,0,
0,0.0742788,0.141287,0.194464,0.228607,0.240371,0.228607,0.194464,0.141287,0.0742788,0,
0,0.0390507,0.0742788,0.102236,0.120186,0.126371,0.120186,0.102236,0.0742788,0.0390507,0,
0,0,0,0,0,0,0,0,0,0,0
Time = 0.06
0,0,0,0,0,0,0,0,0,0,0,
0,0.0289857,0.055134,0.0758854,0.0892087,0.0937995,0.0892087,0.0758854,0.055134,0.0289857,0,
0,0.055134,0.104871,0.144343,0.169685,0.178417,0.169685,0.144343,0.104871,0.055134,0,
0,0.0758854,0.144343,0.198671,0.233551,0.24557,0.233551,0.198671,0.144343,0.0758854,0,
0,0.0892087,0.169685,0.233551,0.274556,0.288685,0.274556,0.233551,0.169685,0.0892087,0,
0,0.0937995,0.178417,0.24557,0.288685,0.303542,0.288685,0.24557,0.178417,0.0937995,0,
0,0.0892087,0.169685,0.233551,0.274556,0.288685,0.274556,0.233551,0.169685,0.0892087,0,
0,0.0758854,0.144343,0.198671,0.233551,0.24557,0.233551,0.198671,0.144343,0.0758854,0,
0,0.055134,0.104871,0.144343,0.169685,0.178417,0.169685,0.144343,0.104871,0.055134,0,
0,0.0289857,0.055134,0.0758854,0.0892087,0.0937995,0.0892087,0.0758854,0.055134,0.0289857,0,
0,0,0,0,0,0,0,0,0,0,0
Time = 0.075
0,0,0,0,0,0,0,0,0,0,0,
0,0.0215148,0.0409236,0.0563265,0.0662158,0.0696234,0.0662158,0.0563265,0.0409236,0.0215148,0,
0,0.0409236,0.0778413,0.107139,0.12595,0.132432,0.12595,0.107139,0.0778413,0.0409236,0,
0,0.0563265,0.107139,0.147465,0.173355,0.182276,0.173355,0.147465,0.107139,0.0563265,0,
0,0.0662158,0.12595,0.173355,0.203791,0.214279,0.203791,0.173355,0.12595,0.0662158,0,
0,0.0696234,0.132432,0.182276,0.214279,0.225306,0.214279,0.182276,0.132432,0.0696234,0,
0,0.0662158,0.12595,0.173355,0.203791,0.214279,0.203791,0.173355,0.12595,0.0662158,0,
0,0.0563265,0.107139,0.147465,0.173355,0.182276,0.173355,0.147465,0.107139,0.0563265,0,
0,0.0409236,0.0778413,0.107139,0.12595,0.132432,0.12595,0.107139,0.0778413,0.0409236,0,
0,0.0215148,0.0409236,0.0563265,0.0662158,0.0696234,0.0662158,0.0563265,0.0409236,0.0215148,0,
0,0,0,0,0,0,0,0,0,0,0
Time = 0.09
0,0,0,0,0,0,0,0,0,0,0,
0,0.0159695,0.0303759,0.0418088,0.0491492,0.0516785,0.0491492,0.0418088,0.0303759,0.0159695,0,
0,0.0303759,0.0577783,0.079525,0.0934873,0.0982984,0.0934873,0.079525,0.0577783,0.0303759,0,
0,0.0418088,0.079525,0.109457,0.128674,0.135296,0.128674,0.109457,0.079525,0.0418088,0,
0,0.0491492,0.0934873,0.128674,0.151266,0.15905,0.151266,0.128674,0.0934873,0.0491492,0,
0,0.0516785,0.0982984,0.135296,0.15905,0.167235,0.15905,0.135296,0.0982984,0.0516785,0,
0,0.0491492,0.0934873,0.128674,0.151266,0.15905,0.151266,0.128674,0.0934873,0.0491492,0,
0,0.0418088,0.079525,0.109457,0.128674,0.135296,0.128674,0.109457,0.079525,0.0418088,0,
0,0.0303759,0.0577783,0.079525,0.0934873,0.0982984,0.0934873,0.079525,0.0577783,0.0303759,0,
0,0.0159695,0.0303759,0.0418088,0.0491492,0.0516785,0.0491492,0.0418088,0.0303759,0.0159695,0,
0,0,0,0,0,0,0,0,0,0,0
Time = 0.105
0,0,0,0,0,0,0,0,0,0,0,
0,0.0118535,0.0225467,0.0310329,0.0364813,0.0383588,0.0364813,0.0310329,0.0225467,0.0118535,0,
0,0.0225467,0.0428864,0.0590281,0.0693916,0.0729627,0.0693916,0.0590281,0.0428864,0.0225467,0,
0,0.0310329,0.0590281,0.0812452,0.0955094,0.100425,0.0955094,0.0812452,0.0590281,0.0310329,0,
0,0.0364813,0.0693916,0.0955094,0.112278,0.118056,0.112278,0.0955094,0.0693916,0.0364813,0,
0,0.0383588,0.0729627,0.100425,0.118056,0.124132,0.118056,0.100425,0.0729627,0.0383588,0,
0,0.0364813,0.0693916,0.0955094,0.112278,0.118056,0.112278,0.0955094,0.0693916,0.0364813,0,
0,0.0310329,0.0590281,0.0812452,0.0955094,0.100425,0.0955094,0.0812452,0.0590281,0.0310329,0,
0,0.0225467,0.0428864,0.0590281,0.0693916,0.0729627,0.0693916,0.0590281,0.0428864,0.0225467,0,
0,0.0118535,0.0225467,0.0310329,0.0364813,0.0383588,0.0364813,0.0310329,0.0225467,0.0118535,0,
0,0,0,0,0,0,0,0,0,0,0
Time = 0.12
0,0,0,0,0,0,0,0,0,0,0,
0,0.00879836,0.0167355,0.0230344,0.0270786,0.0284721,0.0270786,0.0230344,0.0167355,0.00879836,0,
0,0.0167355,0.0318327,0.043814,0.0515065,0.0541571,0.0515065,0.043814,0.0318327,0.0167355,0,
0,0.0230344,0.043814,0.0603048,0.0708926,0.0745409,0.0708926,0.0603048,0.043814,0.0230344,0,
0,0.0270786,0.0515065,0.0708926,0.0833392,0.087628,0.0833392,0.0708926,0.0515065,0.0270786,0,
0,0.0284721,0.0541571,0.0745409,0.087628,0.0921376,0.087628,0.0745409,0.0541571,0.0284721,0,
0,0.0270786,0.0515065,0.0708926,0.0833392,0.087628,0.0833392,0.0708926,0.0515065,0.0270786,0,
0,0.0230344,0.043814,0.0603048,0.0708926,0.0745409,0.0708926,0.0603048,0.043814,0.0230344,0,
0,0.0167355,0.0318327,0.043814,0.0515065,0.0541571,0.0515065,0.043814,0.0318327,0.0167355,0,
0,0.00879836,0.0167355,0.0230344,0.0270786,0.0284721,0.0270786,0.0230344,0.0167355,0.00879836,0,
0,0,0,0,0,0,0,0,0,0,0
Time = 0.135
0,0,0,0,0,0,0,0,0,0,0,
0,0.00653065,0.012422,0.0170975,0.0200993,0.0211336,0.0200993,0.0170975,0.012422,0.00653065,0,
0,0.012422,0.0236281,0.0325213,0.0382311,0.0401985,0.0382311,0.0325213,0.0236281,0.012422,0,
0,0.0170975,0.0325213,0.0447617,0.0526205,0.0553285,0.0526205,0.0447617,0.0325213,0.0170975,0,
0,0.0200993,0.0382311,0.0526205,0.0618592,0.0650426,0.0618592,0.0526205,0.0382311,0.0200993,0,
0,0.0211336,0.0401985,0.0553285,0.0650426,0.0683898,0.0650426,0.0553285,0.0401985,0.0211336,0,
0,0.0200993,0.0382311,0.0526205,0.0618592,0.0650426,0.0618592,0.0526205,0.0382311,0.0200993,0,
0,0.0170975,0.0325213,0.0447617,0.0526205,0.0553285,0.0526205,0.0447617,0.0325213,0.0170975,0,
0,0.012422,0.0236281,0.0325213,0.0382311,0.0401985,0.0382311,0.0325213,0.0236281,0.012422,0,
0,0.00653065,0.012422,0.0170975,0.0200993,0.0211336,0.0200993,0.0170975,0.012422,0.00653065,0,
0,0,0,0,0,0,0,0,0,0,0
Time = 0.15
0,0,0,0,0,0,0,0,0,0,0,
0,0.00484742,0.00922034,0.0126907,0.0149188,0.0156866,0.0149188,0.0126907,0.00922034,0.00484742,0,
0,0.00922034,0.0175381,0.0241392,0.0283773,0.0298377,0.0283773,0.0241392,0.0175381,0.00922034,0,
0,0.0126907,0.0241392,0.0332247,0.039058,0.041068,0.039058,0.0332247,0.0241392,0.0126907,0,
0,0.0149188,0.0283773,0.039058,0.0459154,0.0482783,0.0459154,0.039058,0.0283773,0.0149188,0,
0,0.0156866,0.0298377,0.041068,0.0482783,0.0507628,0.0482783,0.041068,0.0298377,0.0156866,0,
0,0.0149188,0.0283773,0.039058,0.0459154,0.0482783,0.0459154,0.039058,0.0283773,0.0149188,0,
0,0.0126907,0.0241392,0.0332247,0.039058,0.041068,0.039058,0.0332247,0.0241392,0.0126907,0,
0,0.00922034,0.0175381,0.0241392,0.0283773,0.0298377,0.0283773,0.0241392,0.0175381,0.00922034,0,
0,0.00484742,0.00922034,0.0126907,0.0149188,0.0156866,0.0149188,0.0126907,0.00922034,0.00484742,0,
0,0,0,0,0,0,0,0,0,0,0
